# [1] k:    [h/Mpc] 
# [2] P:    [Mpc^3/h^3] 
# [3] T:    [Mpc^3/h^3] 
# [4] Delta_k 
3.059023205018257859e-07 1.948884939706212238e+00 3.944989035233821778e+04 2.826212239391351860e-21
3.215862678579245412e-07 2.045428001553070363e+00 3.944988396303550689e+04 3.446251297753411110e-21
3.380743483904743061e-07 2.146753573952940197e+00 3.944987757373382919e+04 4.202319925493122335e-21
3.554077908890640533e-07 2.253098570948675050e+00 3.944987118442421342e+04 5.124261474402882879e-21
3.736299379885273404e-07 2.364711642736760933e+00 3.944986479512460937e+04 6.248466590743990004e-21
3.927863545481053003e-07 2.481853757041382558e+00 3.944985840582155652e+04 7.619309617720974151e-21
4.129249415873286729e-07 2.604798809301380302e+00 3.944985201652401884e+04 9.290900128473951540e-21
4.340960560635169786e-07 2.733834263073677384e+00 3.944984562722751434e+04 1.132921872560622559e-20
4.563526367904018199e-07 2.869261822166764286e+00 3.944983923792756104e+04 1.381472141103311166e-20
4.797503368127355169e-07 3.011398136070452924e+00 3.944983284863313020e+04 1.684551532517860311e-20
5.043476625678916271e-07 3.160575540324286781e+00 3.944982645933524327e+04 2.054123120746604015e-20
5.302061201824328858e-07 3.317142833572081617e+00 3.944982007004288607e+04 2.504774543097565368e-20
5.573903692694645323e-07 3.481466093098691150e+00 3.944981368074707279e+04 3.054293799812663377e-20
5.859683846113473662e-07 3.653929530777464407e+00 3.944980729145229270e+04 3.724371377568215142e-20
6.160116261320592563e-07 3.834936391411864154e+00 3.944980090216303506e+04 4.541456410939610083e-20
6.475952175842278093e-07 4.024909895579151353e+00 3.944979451287481061e+04 5.537800676024827440e-20
6.807981343976415384e-07 4.224294229183594318e+00 3.944978812358313735e+04 6.752731624485441990e-20
7.157034011589609116e-07 4.433555582030757058e+00 3.944978173429473827e+04 8.234204706887964412e-20
7.523982992164306405e-07 4.653183237843490083e+00 3.944977534500737966e+04 1.004069625824977523e-19
7.909745849287134463e-07 4.883690718281248344e+00 3.944976895572105423e+04 1.224351166131402202e-19
8.315287191035797356e-07 5.125616983628014545e+00 3.944976256643351371e+04 1.492959989478346916e-19
8.741621082001717898e-07 5.379527692962711605e+00 3.944975617714926193e+04 1.820498556166868113e-19
9.189813578979717484e-07 5.646016526750321951e+00 3.944974978786827705e+04 2.219895386589678616e-19
9.660985396665287929e-07 5.925706574953605532e+00 3.944974339858609164e+04 2.706915372554654476e-19
1.015631471002508262e-06 6.219251793911938719e+00 3.944973700930493942e+04 3.300782045152781799e-19
1.067704010034801725e-06 6.527338535383933049e+00 3.944973062002257939e+04 4.024936361168698288e-19
1.122446365234364056e-06 6.850687151341952941e+00 3.944972423074349354e+04 4.907961958666651672e-19
1.179995421003214005e-06 7.190053678257150693e+00 3.944971784146768914e+04 5.984713403201999650e-19
1.240495079956737545e-06 7.546231604823264938e+00 3.944971145219067694e+04 7.297691958515599324e-19
1.304096622755184042e-06 7.920053727252658327e+00 3.944970506291245692e+04 8.898723185789291207e-19
1.370959086384113674e-06 8.312394096476280581e+00 3.944969867363751109e+04 1.085100258923768261e-18
1.441249661829700436e-06 8.724170061798588449e+00 3.944969228436359845e+04 1.323159005324202326e-18
1.515144112143284134e-06 9.156344415797960323e+00 3.944968589509072626e+04 1.613445153083801773e-18
1.592827211940548929e-06 9.609927645477341684e+00 3.944967950582112826e+04 1.967416804431654307e-18
1.674493209434307728e-06 1.008598029492546111e+01 3.944967311654808145e+04 2.399045839866928888e-18
1.760346312156213177e-06 1.058561544503521823e+01 3.944966672727831610e+04 2.925369412734122532e-18
1.850601197581954108e-06 1.111000131603932672e+01 3.944966033800957666e+04 3.567162435476902961e-18
1.945483549936765273e-06 1.166036399898565001e+01 3.944965394874187768e+04 4.349757601787713783e-18
2.045230624523543909e-06 1.223799032251701746e+01 3.944964755947521189e+04 5.304045312357772365e-18
2.150091840984688092e-06 1.284423086166514771e+01 3.944964117020957929e+04 6.467692973047941071e-18
2.260329406981118614e-06 1.348050309569298300e+01 3.944963478094498714e+04 7.886631793313135607e-18
2.376218973848010330e-06 1.414829472236910846e+01 3.944962839168142091e+04 9.616869771414871662e-18
2.498050325866710336e-06 1.484916713642335750e+01 3.944962200241889514e+04 1.172670242812231664e-17
2.626128104876382668e-06 1.558475908031646284e+01 3.944961561315740255e+04 1.429940855042897727e-17
2.760772572037287162e-06 1.635679047585936985e+01 3.944960922389582993e+04 1.743653735100448567e-17
2.902320408650496801e-06 1.716706644564706608e+01 3.944960283463752421e+04 2.126191679332696495e-17
3.051125558036519890e-06 1.801748153369066685e+01 3.944959644537913846e+04 2.592654129808007087e-17
3.207560110577962700e-06 1.891002413514743807e+01 3.944959005612066539e+04 3.161453175717292606e-17
3.372015234139298021e-06 1.984678114547960703e+01 3.944958366686434601e+04 3.855040310754371651e-17
3.544902152190277809e-06 2.082994283991787654e+01 3.944957727761018759e+04 4.700792632859498463e-17
3.726653172078803499e-06 2.186180799464404245e+01 3.944957088835482136e+04 5.732093466181985784e-17
3.917722766024474580e-06 2.294478926167898436e+01 3.944956449910272931e+04 6.989650059305698895e-17
4.118588707535861475e-06 2.408141880999863105e+01 3.944955810984942946e+04 8.523100371579936511e-17
4.329753266093139866e-06 2.527435424613498682e+01 3.944955172059828328e+04 1.039297237024281327e-16
4.551744463083409039e-06 2.652638482803581610e+01 3.944954533134817757e+04 1.267307317520268714e-16
4.785117392129195949e-06 2.784043798676488279e+01 3.944953894209909777e+04 1.545340235521954293e-16
5.030455607111644826e-06 2.921958617126383828e+01 3.944953255285105843e+04 1.884370436837529413e-16
5.288372581359179674e-06 3.066705403218853832e+01 3.944952616360405955e+04 2.297780036787772721e-16
5.559513241650373021e-06 3.218622596161474547e+01 3.944951977435808658e+04 2.801887035715388668e-16
5.844555580866815540e-06 3.378065400624224424e+01 3.944951338511259382e+04 3.416589419013558501e-16
6.144212353328471540e-06 3.545406617260427140e+01 3.944950699586869450e+04 4.166150565429731840e-16
6.459232857050738118e-06 3.721037514368791932e+01 3.944950060662582837e+04 5.080156965082924913e-16
6.790404807379771878e-06 3.905368742736458643e+01 3.944949421738399542e+04 6.194686050003124292e-16
7.138556306691162195e-06 4.098831295800502517e+01 3.944948782814264268e+04 7.553730233505958124e-16
7.504557915077204533e-06 4.301877517374262538e+01 3.944948143890288338e+04 9.210933367729721179e-16
7.889324827200587103e-06 4.514982159292901542e+01 3.944947504966471752e+04 1.123170816035111250e-15
8.293819160757753291e-06 4.738643491452700829e+01 3.944946866042674083e+04 1.369581812862293571e-15
8.719052362274285227e-06 4.973384466840071383e+01 3.944946227119008836e+04 1.670052600498262214e-15
9.166087736248057605e-06 5.219753944271278812e+01 3.944945588195404707e+04 2.036443286730035285e-15
9.636043103964330830e-06 5.478327971705591182e+01 3.944944949271946098e+04 2.483215953096701180e-15
1.013009359863121538e-05 5.749711133129230944e+01 3.944944310348576983e+04 3.028005498554975730e-15
1.064947460382478790e-05 6.034537962161817859e+01 3.944943671425325010e+04 3.692315719800837071e-15
1.119548484259151579e-05 6.333474425688790888e+01 3.944943032502177084e+04 4.502368103754930753e-15
1.176948962493235138e-05 6.647219480989683404e+01 3.944942393579117925e+04 5.490136835536659199e-15
1.237292426178888029e-05 6.976505467603777788e+01 3.944941403392130451e+04 6.694609683305116756e-15
1.300729765406831334e-05 7.322103149416928147e+01 3.944940338520470686e+04 8.163329705143243846e-15
1.367419606568169201e-05 7.684820828942248738e+01 3.944939273647990922e+04 9.954269931676830296e-15
1.437528709002991615e-05 8.065506421737887877e+01 3.944938168672925531e+04 1.213812150643358493e-14
1.511232381985586521e-05 8.465049424803271449e+01 3.944936890826482704e+04 1.480108353535835313e-14
1.588714923088939049e-05 8.884384334206397682e+01 3.944935534154671041e+04 1.804826759641169159e-14
1.670170079024660794e-05 9.324491289837865793e+01 3.944934043333790032e+04 2.200784424326849282e-14
1.755801530110687162e-05 9.786398717176167850e+01 3.944932317415787111e+04 2.683610202030132317e-14
1.845823399578163895e-05 1.027118666398028211e+02 3.944930400644629117e+04 3.272361863341974839e-14
1.940460788991057802e-05 1.077998779928461204e+02 3.944928171333883074e+04 3.990277894977646730e-14
2.039950341117315543e-05 1.131399263523284304e+02 3.944925828618254309e+04 4.865695613332217886e-14
2.144540831659045798e-05 1.187444912541675848e+02 3.944923290903848101e+04 5.933168587295067966e-14
2.254493791321357228e-05 1.246266820603645016e+02 3.944920672983833356e+04 7.234831533100870799e-14
2.370084159775344190e-05 1.308002179825582232e+02 3.944917478369180753e+04 8.822060462052035491e-14
2.491600973150475266e-05 1.372795510422771770e+02 3.944914045897166943e+04 1.075750569375354764e-13
2.619348086775470484e-05 1.440798001575545868e+02 3.944909999379838700e+04 1.311755833262775114e-13
2.753644934974891994e-05 1.512168898361047695e+02 3.944905756492476212e+04 1.599537331212060352e-13
2.894827329821342076e-05 1.587075015738070363e+02 3.944901284035415301e+04 1.950453972665079871e-13
3.043248300840562692e-05 1.665690955087954421e+02 3.944895990112201980e+04 2.378355941356466622e-13
3.199278977769132648e-05 1.748200739321557364e+02 3.944890239797545655e+04 2.900132868655841484e-13
3.363309518572123809e-05 1.834796981451021338e+02 3.944883786960024008e+04 3.536378854785450542e-13
3.535750085041236633e-05 1.925682569509938560e+02 3.944877175103189074e+04 4.312207392781617243e-13
3.717031868412924126e-05 2.021068603939398258e+02 3.944869082063211681e+04 5.258237139734685760e-13
3.907608167571078754e-05 2.121179152341420036e+02 3.944860708313524083e+04 6.411809860725641082e-13
4.107955522530357004e-05 2.226247158114825027e+02 3.944851124467203044e+04 7.818453100376089948e-13
4.318574906034433776e-05 2.336518639109573314e+02 3.944840831187708682e+04 9.533686778536136229e-13
4.539992976248807967e-05 2.452250635860947625e+02 3.944829330552174360e+04 1.162520600772885294e-12
4.772763393680535859e-05 2.573713360602934586e+02 3.944816536893128068e+04 1.417555760577267787e-12
5.017468205617894183e-05 2.701190832795434176e+02 3.944802693578450999e+04 1.728539918852616417e-12
5.274719301551768723e-05 2.834979415894975432e+02 3.944786818710419175e+04 2.107745780886443588e-12
5.545159943218107865e-05 2.975393366188425261e+02 3.944770206734379462e+04 2.570140595532789832e-12
5.829466373087315435e-05 3.122757260610754884e+02 3.944750669805368670e+04 3.133970398428440900e-12
6.128349505322671351e-05 3.277418622166218256e+02 3.944730469137814362e+04 3.821490221041961201e-12
6.442556703436033705e-05 3.439733554747542144e+02 3.944706615942918870e+04 4.659827186595693619e-12
6.772873649085907528e-05 3.610084669280830099e+02 3.944681395135288039e+04 5.682069845790899688e-12
7.120126306690828879e-05 3.788865556143504136e+02 3.944652643576749688e+04 6.928553064428959488e-12
7.485182988770643921e-05 3.976494995287549159e+02 3.944621339155214810e+04 8.448468028246474603e-12
7.868956527180084881e-05 4.173409767089202660e+02 3.944587050272669876e+04 1.030179077003558499e-11
8.272406555663884206e-05 4.380066269582898144e+02 3.944548517134675058e+04 1.256164600709415297e-11
8.696541909440986997e-05 4.596950373325584565e+02 3.944507626188710128e+04 1.531721671094529683e-11
9.142423147818073699e-05 4.824556989294890741e+02 3.944459885249059880e+04 1.867719506756842602e-11
9.611165206140254191e-05 5.063429080844258010e+02 3.944410624875819485e+04 2.277419934183860478e-11
1.010394018371016720e-04 5.314101909092076994e+02 3.944351630523009226e+04 2.776977986714593419e-11
1.062198027464676133e-04 5.577178441925283323e+02 3.944290431050331972e+04 3.386111624345249999e-11
1.116658084901241013e-04 5.853250450355337762e+02 3.944219723452835024e+04 4.128839588314340500e-11
1.173910369191279803e-04 6.142972142619473743e+02 3.944143892372848495e+04 5.034468421928428165e-11
1.234098040866900780e-04 6.447005843219552617e+02 3.944059341326649155e+04 6.138712743842424237e-11
1.297371600457651012e-04 6.766055597346593231e+02 3.943965621366877167e+04 7.485123700254022191e-11
1.363889264820232711e-04 7.100867694091016347e+02 3.943864459008566337e+04 9.126810070428764307e-11
1.433817362763056455e-04 7.452192132073034827e+02 3.943748605767464323e+04 1.112847892680334481e-10
1.507330750954898936e-04 7.820877645962857514e+02 3.943627424468931713e+04 1.356911203564704338e-10
1.584613251157653230e-04 8.207713170406155996e+02 3.943484595752797759e+04 1.654482889220365170e-10
1.665858109876483387e-04 8.613661539132599501e+02 3.943337016002842574e+04 2.017307411413844428e-10
1.751268481576742783e-04 9.039570596058699721e+02 3.943163865768578398e+04 2.459666659538239923e-10
1.841057936675958640e-04 9.486493819456359233e+02 3.942981323140262248e+04 2.999013038827646704e-10
1.935450995581117185e-04 9.955390725324114101e+02 3.942774523307760683e+04 3.656580238534046257e-10
2.034683690106629794e-04 1.044736578688566624e+03 3.942549166521630104e+04 4.458284418462522163e-10
2.139004153676812446e-04 1.096353252288653266e+03 3.942302116877899243e+04 5.435702155871884700e-10
2.248673241788693637e-04 1.150502286906675863e+03 3.942024531742384715e+04 6.627302607654766258e-10
2.363965184286629729e-04 1.207315352693825162e+03 3.941729993858010857e+04 8.080053020802449195e-10
2.485168271079757005e-04 1.266903964843860649e+03 3.941388897918743169e+04 9.851023494416319567e-10
2.612585573016925852e-04 1.329426677190550663e+03 3.941037496060345438e+04 1.201008887537465315e-09
2.746535699721688829e-04 1.394988000457957014e+03 3.940619835017743753e+04 1.464186762013529797e-09
2.887353596282311993e-04 1.463771504138379896e+03 3.940187402388967894e+04 1.785021554698098623e-09
3.035391380788964293e-04 1.535896766204259393e+03 3.939691159186216100e+04 2.176087602389671581e-09
3.191019224812350285e-04 1.611547801667335079e+03 3.939160640068253997e+04 2.652782922350167146e-09
3.354626279025451924e-04 1.690874880470964627e+03 3.938571761970959051e+04 3.233807512394863954e-09
3.526621646282911485e-04 1.774052873877651336e+03 3.937923157423272642e+04 3.941970999894276075e-09
3.707435404591257876e-04 1.861276680324103836e+03 3.937226110648528265e+04 4.805094951524384190e-09
3.897519682527942697e-04 1.952696690527440751e+03 3.936436177419508749e+04 5.856929552466314910e-09
4.097349789798286580e-04 2.048571834671825400e+03 3.935612660564192629e+04 7.138888186301177050e-09
4.307425405757319271e-04 2.149007233061278384e+03 3.934654650475634844e+04 8.700844997598530750e-09
4.528271828868440083e-04 2.254333399118451325e+03 3.933667836301782518e+04 1.060439441621873725e-08
4.760441290223192071e-04 2.364636545576414392e+03 3.932527258689710288e+04 1.292338541798485180e-08
5.004514334406633081e-04 2.480267705834202843e+03 3.931332287511431787e+04 1.574905973181354349e-08
5.261101271161193775e-04 2.601366280930455559e+03 3.929996450094802276e+04 1.919118316369470717e-08
5.530843701478924991e-04 2.728233403142321094e+03 3.928557342600562697e+04 2.338438421441541504e-08
5.814416121938181326e-04 2.861111133847584370e+03 3.926997549655698094e+04 2.849202493832546580e-08
6.112527611296385451e-04 3.000209082014264823e+03 3.925273824026408693e+04 3.471237126134985450e-08
6.425923603556274889e-04 3.145922980295031721e+03 3.923459476146408269e+04 4.228876661889362979e-08
6.755387751939181127e-04 3.298310956740631354e+03 3.921406442624157353e+04 5.151250891972832715e-08
7.101743888426273075e-04 3.457987019064178185e+03 3.919301461970675882e+04 6.274637434868340728e-08
7.465858083767621441e-04 3.624790325775862129e+03 3.916871880207953654e+04 7.641741453503800432e-08
7.848640813110194670e-04 3.799504767713612182e+03 3.914374277567581157e+04 9.306376446547415433e-08
8.251049232659968648e-04 3.982030590644569202e+03 3.911578757049188425e+04 1.133189094760636163e-07
8.674089573071004124e-04 4.172997598576095697e+03 3.908631981152909430e+04 1.379717273389793051e-07
9.118819655546198935e-04 4.372539286762061238e+03 3.905426823768158647e+04 1.679654118742793147e-07
9.586351536941296880e-04 4.581020022093728585e+03 3.901967704643418256e+04 2.044525356938537539e-07
1.007785429048626679e-03 4.798928649941626645e+03 3.898303546010220452e+04 2.488391885579671939e-07
1.059455692907732439e-03 5.026217539244104046e+03 3.894261203847067372e+04 3.028028351508560901e-07
1.113775147844932919e-03 5.263897035420805878e+03 3.890084732814296876e+04 3.684429185137432498e-07
1.170879620791311689e-03 5.511303976141241947e+03 3.885379834305569238e+04 4.481891777842975819e-07
1.230911902673626282e-03 5.770004752728353196e+03 3.880568155985119665e+04 5.451642186426345736e-07
1.294022105466001958e-03 6.039019926726458834e+03 3.875175647862734331e+04 6.629210470222013117e-07
1.360368037548055848e-03 6.319915490714673979e+03 3.869587998101366975e+04 8.060292240832841070e-07
1.430115598308045934e-03 6.612088536876318358e+03 3.863486089381637430e+04 9.797659669117938264e-07
1.503439192977754080e-03 6.916438910648010278e+03 3.857022979991818283e+04 1.190722080662775050e-06
1.580522168736409397e-03 7.233172265571404751e+03 3.850137934731415589e+04 1.446774489943589154e-06
1.661557273174137529e-03 7.562149412832764028e+03 3.842690816200936388e+04 1.757362926732486651e-06
1.746747136261333697e-03 7.904776144346945330e+03 3.834939652742712497e+04 2.134272921550930102e-06
1.836304777029133936e-03 8.259408033796020391e+03 3.826389165774307185e+04 2.590916834023126030e-06
1.930454136227949345e-03 8.629136327707272358e+03 3.817677807043404027e+04 3.144966715763742105e-06
2.029430636295988157e-03 9.010290338942382732e+03 3.807903481455480505e+04 3.815326254173022013e-06
2.133481770037976965e-03 9.407160232259240729e+03 3.797928117622663558e+04 4.628024072613932511e-06
2.242867719486086112e-03 9.816472030033344708e+03 3.787007085022023966e+04 5.610953552282887201e-06
2.357862006490532136e-03 1.024095006554601423e+04 3.775630242172412545e+04 6.800888598088141305e-06
2.478752176666675511e-03 1.067909193970847809e+04 3.763461048135397868e+04 8.239557905471612634e-06
2.605840518408833982e-03 1.113126628354191598e+04 3.750537219379471208e+04 9.978340716314240466e-06
2.739444818768723561e-03 1.159860039298141237e+04 3.737015657264127367e+04 1.207990489739424686e-05
2.879899158088616417e-03 1.207808869931166009e+04 3.722392484780069208e+04 1.461505036129724830e-05
3.027554745376210416e-03 1.257457917539151822e+04 3.707410846285963635e+04 1.767826881897143241e-05
3.182780796510085389e-03 1.308042111969663711e+04 3.690929758418181882e+04 2.136545629286847907e-05
3.345965457471714814e-03 1.360421422876051838e+04 3.674198192739692604e+04 2.581713707636812977e-05
3.517516774912597243e-03 1.413609700844952386e+04 3.655876677603732242e+04 3.116795495393092898e-05
3.697863716483424691e-03 1.468425218764698366e+04 3.637086476734429743e+04 3.761618931025024267e-05
3.887457243476651579e-03 1.524154177347053519e+04 3.616954879949339374e+04 4.536240126992562304e-05
4.086771438464619106e-03 1.581120932716459538e+04 3.595937343631445401e+04 5.467343947218594058e-05
4.296304690752923532e-03 1.639153673808144231e+04 3.573883062639178388e+04 6.585293734242518712e-05
4.516580942613284376e-03 1.697884362469605912e+04 3.550467059698607773e+04 7.925154921775020797e-05
4.748150999412126434e-03 1.757895774341381184e+04 3.526378503934015316e+04 9.533161415904039572e-05
4.991593906910903912e-03 1.817884990876603115e+04 3.500390506173836911e+04 1.145392673044659786e-04
5.247518399182111472e-03 1.879431519292170924e+04 3.474141308934977860e+04 1.375810675346649361e-04
5.516564420761540903e-03 1.940058739944635818e+04 3.445423382969501108e+04 1.650027645520229049e-04
5.799404726842954938e-03 2.002001868427186491e+04 3.416396963694851729e+04 1.978267389605666601e-04
6.096746565516493986e-03 2.063078990172361227e+04 3.385282740765611379e+04 2.368539011059802018e-04
6.409333446257287764e-03 2.124563031616830631e+04 3.353302710098501848e+04 2.833860569146253025e-04
6.737946999086424568e-03 2.185329304988596778e+04 3.319688435140313959e+04 3.386646912530524877e-04
7.083408929053131541e-03 2.245324347728887005e+04 3.284576296830344654e+04 4.042744439523902975e-04
7.446583070925409317e-03 2.304875631507621802e+04 3.248362518060125149e+04 4.821574385502724164e-04
7.828377549226901017e-03 2.362162606334843076e+04 3.209937441381541430e+04 5.741102986209818551e-04
8.229747049021221908e-03 2.419445637543662451e+04 3.171031370758516641e+04 6.831964294281052267e-04
8.651695203121895217e-03 2.472604269943859617e+04 3.129110087412780558e+04 8.112010548355565610e-04
9.095277101697147801e-03 2.525753072790601436e+04 3.087023326059394822e+04 9.627398621972017628e-04
9.561601930544914862e-03 2.573814738026742270e+04 3.041823695472061081e+04 1.139828521020940649e-03
1.005183574463506743e-02 2.620626336760481354e+04 2.996048769648919551e+04 1.348377540369969036e-03
1.056720438385422289e-02 2.662607998785940072e+04 2.947819415474590642e+04 1.591687528098135801e-03
1.110899653824396448e-02 2.701181616146548913e+04 2.898178179743200599e+04 1.876067839265510096e-03
1.167856697039719623e-02 2.735482348657838884e+04 2.846859794017638706e+04 2.207358342673890975e-03
1.227733990307029038e-02 2.763755041261975202e+04 2.793185799116989801e+04 2.591090879296150534e-03
1.290681258048182248e-02 2.788698366919325781e+04 2.738745982914498018e+04 3.037587608385458778e-03
1.356855901220299469e-02 2.804510552523570004e+04 2.680898998820966517e+04 3.549184047770878765e-03
1.426423390900143431e-02 2.818333970716627300e+04 2.623306720845619930e+04 4.143888584178972642e-03
1.499557682048000690e-02 2.819623903391032218e+04 2.561234640024793771e+04 4.816715225046154514e-03
1.576441648485692182e-02 2.819618374358975416e+04 2.500056778545296402e+04 5.596213712229708426e-03
1.657267540176381518e-02 2.814032648714040988e+04 2.437924224807837527e+04 6.488992368484280265e-03
1.742237463949622076e-02 2.800875636802230656e+04 2.374124450554988653e+04 7.503884309604792920e-03
1.831563888873704443e-02 2.774983188984463777e+04 2.306681735882513385e+04 8.637674468574723860e-03
1.925470177538994923e-02 2.740393705085157126e+04 2.237509614837059053e+04 9.910455359336160092e-03
2.024191144580758314e-02 2.699092268542659076e+04 2.167545516699298969e+04 1.134077023949963889e-02
2.127973643838054069e-02 2.641119196168741473e+04 2.092928019676330950e+04 1.289308942017546034e-02
2.237077185616915750e-02 2.578278186046731207e+04 2.018487709683671346e+04 1.462321749628427842e-02
2.351774585601286785e-02 2.506320576871951198e+04 1.942586932727276508e+04 1.651558483757733370e-02
2.472352647034336062e-02 2.434038147839327212e+04 1.868644876002397359e+04 1.863497825504827760e-02
2.599112877875953478e-02 2.351418404524973812e+04 1.792788144234382344e+04 2.091585368984719487e-02
2.732372244729698585e-02 2.266831291687887642e+04 1.718203286607643531e+04 2.342658874060688304e-02
2.872463965424410307e-02 2.173456093818499357e+04 1.642257721465501527e+04 2.609665823769006729e-02
3.019738342232343442e-02 2.078467676787516757e+04 1.567611515788685210e+04 2.899489056555143787e-02
3.174563637807315680e-02 1.981544315352938793e+04 1.494065485728628846e+04 3.211634840667759727e-02
3.337326996033158216e-02 1.893680430682337101e+04 1.425679861765993701e+04 3.565933457607603496e-02
3.508435410085083278e-02 1.812127382266721543e+04 1.361331713118508560e+04 3.964600566327913800e-02
3.688316740124613496e-02 1.721843825407786062e+04 1.295291185240618870e+04 4.376718811583356350e-02
3.877420783172848273e-02 1.633618658280449927e+04 1.231535129836742090e+04 4.824471502549203261e-02
4.076220397837305304e-02 1.553250137897911009e+04 1.172176724523500161e+04 5.329477505831518164e-02
4.285212686704739649e-02 1.476463933829920825e+04 1.115538967237682482e+04 5.885864335139678882e-02
4.504920239356542677e-02 1.401952369368709697e+04 1.061062300535982467e+04 6.493290547919856881e-02
4.735892439114896407e-02 1.337037363168321644e+04 1.011455912974291095e+04 7.194809397060605849e-02
4.978706836787243073e-02 1.284656426823637776e+04 9.677643363749455602e+03 8.031689595156481232e-02
5.233970594844135349e-02 1.240811214858548738e+04 9.283888216348290371e+03 9.013008989396266435e-02
5.502322005641668845e-02 1.203570590295137299e+04 8.925113793880880621e+03 1.015733633878747738e-01
5.784432087484844831e-02 1.164605035014592977e+04 8.569751743908655044e+03 1.141907964532979103e-01
6.081006262522850592e-02 1.125904539418425702e+04 8.224899979817450003e+03 1.282620512287336312e-01
6.392786120671870020e-02 1.077242582075024984e+04 7.853034895777523161e+03 1.425785834060012414e-01
6.720551273976151097e-02 1.028544369820729844e+04 7.490196611146896430e+03 1.581641263437872091e-01
7.065121306044198912e-02 9.719057949451604145e+03 7.107137517577163635e+03 1.736414082728862385e-01
7.427357821434696361e-02 9.120413869767744472e+03 6.720333676294040743e+03 1.893162295748019308e-01
7.808166600116696332e-02 8.406832037448046322e+03 6.297971341693335489e+03 2.027448554403997738e-01
8.208499862391337165e-02 7.690166901882162165e+03 5.879674829493862489e+03 2.154752584000235449e-01
8.629358649938589920e-02 6.972112063060025321e+03 5.464727819953708604e+03 2.269708979811333738e-01
9.071795328942874881e-02 6.337220163854901330e+03 5.085535440165856926e+03 2.396893759172824545e-01
9.536916221556676621e-02 5.768297066874506527e+03 4.736003640999734671e+03 2.534788802510207772e-01
1.002588437228218304e-01 5.355112593879339329e+03 4.454238347610916207e+03 2.734053070269474306e-01
1.053992245618834284e-01 4.993222599004768199e+03 4.198368393718941661e+03 2.961852545278561566e-01
1.108031583623540345e-01 4.770151324571578698e+03 4.005503258058512529e+03 3.287447567554593331e-01
1.164841577735182265e-01 4.550954673402182380e+03 3.818943181931462277e+03 3.643957983481012075e-01
1.224564282530043596e-01 4.316870421820528463e+03 3.630591439224380792e+03 4.015910595430366992e-01
1.287349035878279091e-01 4.035060468171195680e+03 3.426248255641532978e+03 4.361232527667284753e-01
1.353352832366376823e-01 3.678446005586898082e+03 3.193205932711612149e+03 4.619210493430138675e-01
1.422740715865399574e-01 3.306285216921839037e+03 2.955056733566744242e+03 4.823784027031081112e-01
1.495686192226629019e-01 2.937872014997063616e+03 2.719023947787954967e+03 4.979945437110022133e-01
1.572371663136570008e-01 2.672936030918765482e+03 2.531580897854305476e+03 5.264103864995043347e-01
1.652988882216175348e-01 2.452835540495254008e+03 2.367187579451955116e+03 5.612398332980478299e-01
1.737739434504778357e-01 2.312726279671973316e+03 2.243683048945395512e+03 6.148206762733228192e-01
1.826835240527691917e-01 2.178209779882034582e+03 2.125446471465168088e+03 6.727723044811255715e-01
1.920499086207905493e-01 1.984074974670784059e+03 1.980068845698189079e+03 7.119846865366090682e-01
2.018965179946938526e-01 1.795707408190106435e+03 1.838738497936398517e+03 7.486732569460041731e-01
2.122479738267836202e-01 1.598578656597479949e+03 1.693441185573455641e+03 7.743457664508718308e-01
2.231301601484726449e-01 1.449310595142894954e+03 1.573927694670700021e+03 8.156551027775996721e-01
2.345702880938428103e-01 1.342327509996796834e+03 1.478543886865941204e+03 8.777033449916500363e-01
2.465969639416541459e-01 1.229182245526107181e+03 1.381064763445476956e+03 9.337910639625154330e-01
2.592402606459418002e-01 1.118484351695925170e+03 1.285943218755611952e+03 9.872053940438548780e-01
2.725317930340656614e-01 1.006085483016068565e+03 1.190488511055958952e+03 1.031707676747645852e+00
2.865047968602461026e-01 9.028832570644906355e+02 1.100840751141250621e+03 1.075715809589956606e+00
3.011942119122611450e-01 8.266144027666907732e+02 1.028160968872491821e+03 1.144229373046193210e+00
3.166367693791155569e-01 7.538333430997397500e+02 9.584031478590100050e+02 1.212354529482479792e+00
3.328710836981453314e-01 6.759649679020543545e+02 8.858773246733676388e+02 1.263056149736266454e+00
3.499377491112247163e-01 6.088238373340425369e+02 8.206505139492097669e+02 1.321704257682937866e+00
3.678794411715154977e-01 5.524896943444141471e+02 7.630894396659158474e+02 1.393512904217617310e+00
3.867410234545784475e-01 4.985578360530711848e+02 7.075743106101593867e+02 1.460987607575899849e+00
4.065696597406806001e-01 4.478422656246993370e+02 6.546026416825835668e+02 1.524755596310182870e+00
4.274149319488126375e-01 4.032684044869975537e+02 6.063358457253264078e+02 1.595194072039766375e+00
4.493289641173122684e-01 3.634526207474137323e+02 5.618766425590716835e+02 1.670364714327310818e+00
4.723665527411103904e-01 3.267314664115555729e+02 5.200121466225870108e+02 1.744611121189350023e+00
4.965853037915104462e-01 2.936018849705762364e+02 4.811697958344443009e+02 1.821422455285703679e+00
5.220457767611225153e-01 2.634215398242050696e+02 4.448826930445421795e+02 1.898660447335906776e+00
5.488116360941387439e-01 2.362923684966220321e+02 4.112876299000619724e+02 1.978745257684791925e+00
5.769498103806052214e-01 2.118387249386562985e+02 3.801232271480013196e+02 2.061055646887965054e+00
6.065306597127584354e-01 1.898083313969561345e+02 3.512208562533990062e+02 2.145575529727445030e+00
6.376281516219051149e-01 1.699565473931570523e+02 3.244087373158612309e+02 2.232084380192690176e+00
6.703200460357783275e-01 1.520659195031811635e+02 2.995300987403539921e+02 2.320324752754942654e+00
7.046880897188601001e-01 1.360013753685384472e+02 2.765012535512795466e+02 2.411039654601780047e+00
7.408182206818726412e-01 1.215216889629839869e+02 2.551251562726600355e+02 2.502989467711642657e+00
7.788007830715680813e-01 1.085615624594299078e+02 2.353777238401247871e+02 2.597918261724419864e+00
8.187307530781540166e-01 9.688203753489995051e+01 2.170450467106475685e+02 2.693623136597867340e+00
8.607079764252394405e-01 8.644285810471406251e+01 2.001214941969632832e+02 2.792330755838767331e+00
9.048374180361511421e-01 7.706628436094797507e+01 1.844430601819808544e+02 2.892319962113349074e+00
9.512294245009160765e-01 6.868203730904176041e+01 1.699623097193490366e+02 2.994809870116398987e+00
1.000000000000213163e+00 6.117239666048163826e+01 1.565704207557564303e+02 3.099029817941276299e+00
1.051271096376248826e+00 5.445540043471415004e+01 1.441960552315601660e+02 3.205201868049994740e+00
1.105170918075884856e+00 4.845540619608998867e+01 1.327715275133578814e+02 3.313605802745629436e+00
1.161834242728533306e+00 4.308943550622714724e+01 1.222137768846766335e+02 3.423525605691628559e+00
1.221402758160433644e+00 3.830896422892424624e+01 1.124827432038074591e+02 3.536285807835977568e+00
1.284025416688019838e+00 3.403163560702197543e+01 1.034851506845777465e+02 3.649840977289671162e+00
1.349858807576296504e+00 3.022727538354535071e+01 9.520002389870734305e+01 3.766468115328333255e+00
1.419067548593566874e+00 2.682860390581311094e+01 8.754624511772209416e+01 3.883984951773176153e+00
1.491824697641596753e+00 2.380680710041164261e+01 8.049890899294410929e+01 4.004283247752512764e+00
1.568312185490513100e+00 2.111331478894663505e+01 7.399775776743868505e+01 4.125952581016778531e+00
1.648721270700491237e+00 1.871803355600409802e+01 6.800978320369577546e+01 4.249836315473847215e+00
1.733253017867778301e+00 1.658772929895676285e+01 6.249361970604996941e+01 4.375655210096969228e+00
1.822118800390913007e+00 1.469314929767690536e+01 5.741172385069920381e+01 4.503137602109968718e+00
1.915540829014322100e+00 1.301165120090560912e+01 5.273637559283100984e+01 4.633155873437627470e+00
2.013752707470925607e+00 1.151586379746044564e+01 4.842763529589804250e+01 4.764147408468152101e+00
2.117000016613148627e+00 1.019072037833445243e+01 4.446807984509048595e+01 4.898213697462178828e+00
2.225540928492967474e+00 9.012140479309211472e+00 4.081885718268735985e+01 5.032745489760833912e+00
2.339646851926517890e+00 7.968892180936478553e+00 3.746681461203859698e+01 5.170340423315734846e+00
2.459603111157505406e+00 7.042700087699720335e+00 3.438098573013092363e+01 5.308900117223273263e+00
2.585709659316432152e+00 6.222731235679304973e+00 3.154570078998532878e+01 5.449925634461550317e+00
2.718281828459663263e+00 5.496088877247053972e+00 2.893859635920339812e+01 5.592518787528987900e+00
2.857651118063815776e+00 4.852694547560108873e+00 2.654257158751616075e+01 5.736946930772098163e+00
3.004166023947120401e+00 4.283469420498752456e+00 2.434166526426687938e+01 5.883526583543892130e+00
3.158192909690492378e+00 3.779418220803596462e+00 2.231854392879262861e+01 6.031303374281387519e+00
3.320116922737311960e+00 3.334169480436652844e+00 2.046200319801982914e+01 6.181844345584531553e+00
3.490342957462647444e+00 2.939901788562786500e+00 1.875519804416983760e+01 6.332969384765731569e+00
3.669296667620093988e+00 2.592000298418293713e+00 1.718991375218509532e+01 6.487147692063730986e+00
3.857425530697870641e+00 2.284153983338530480e+00 1.575142298027995125e+01 6.641838153587940496e+00
4.055199966845619564e+00 2.012581755119986049e+00 1.443227519922339042e+01 6.799243805260205775e+00
4.263114515169814212e+00 1.772642544308437484e+00 1.322115969444126726e+01 6.957807733098125169e+00
4.481689070339116121e+00 1.560952886247058080e+00 1.211029702964193433e+01 7.118446454643089893e+00
4.711470182591849465e+00 1.374176987123345572e+00 1.109129264179506791e+01 7.280853139510627514e+00
4.953032424396282885e+00 1.209376830173188866e+00 1.015646512176053839e+01 7.444669390989595570e+00
5.206979827181080545e+00 1.064158264238403317e+00 9.299632818225358477e+00 7.610867591821750544e+00
5.473947391728498424e+00 9.360162600161993085e-01 8.513444670490541100e+00 7.777777405887793094e+00
5.754602676007100293e+00 8.232347781412135967e-01 7.793389943870931980e+00 7.947673146784662634e+00
6.049647464414390718e+00 7.237202329792263855e-01 7.132648794313128704e+00 8.117665947219652622e+00
6.359819522603354258e+00 6.361836771961250081e-01 6.527662244979467232e+00 8.290622783783218708e+00
6.685894442280875261e+00 5.590396516670376181e-01 5.972946864027357528e+00 8.464307227599581651e+00
7.028687580590986528e+00 4.912501583086894552e-01 5.465370740946845274e+00 8.641630274547459578e+00
7.389056098932435646e+00 4.316808607738036319e-01 5.000928020286694142e+00 8.822668151561630978e+00
7.767901106308653603e+00 3.793349730409952270e-01 4.575953260904644715e+00 9.007498682493205067e+00
8.166169912569634093e+00 3.333365799773356231e-01 4.187092507838857891e+00 9.196201321564549502e+00
8.584858397179985445e+00 2.929159804597792904e-01 3.831276822467883925e+00 9.388857187524731529e+00
9.025013499436326470e+00 2.573968077987346947e-01 3.505698062055940589e+00 9.585549098520358413e+00
9.487735836360851494e+00 2.261847119470358491e-01 3.207786717532545850e+00 9.786361607697255494e+00
9.974182454817173138e+00 1.987574141112376791e-01 2.935191634599485511e+00 9.991381039547835741e+00
1.048556972473016025e+01 1.746559673468828788e-01 2.685761458121431300e+00 1.020069552701972171e+01
1.102317638064432792e+01 1.534770768993982126e-01 2.457527653357080677e+00 1.041439504940260186e+01
1.158834671922626214e+01 1.348663517851671489e-01 2.248688970031997414e+00 1.063257147100708622e+01
1.218249396070650370e+01 1.185123746900866165e-01 2.057597226642020161e+00 1.085531858065633415e+01
1.280710378266622662e+01 1.041414909558489865e-01 1.882744302794645552e+00 1.108273213200231844e+01
1.346373803500505772e+01 9.151322945699524869e-02 1.722750236930811862e+00 1.131490988468913450e+01
1.415403864537935341e+01 8.041627874522433439e-02 1.576352335492314793e+00 1.155195164637687988e+01
1.487973172487657614e+01 7.066495112893211861e-02 1.442395207583314409e+00 1.179395931564590683e+01
1.564263188419211659e+01 6.209607552066593456e-02 1.319821646478256838e+00 1.204103692580268081e+01
1.644464677110120832e+01 5.456626705979054220e-02 1.207664286011561616e+00 1.229329068959972915e+01
1.728778184057202338e+01 4.794952782240578804e-02 1.105037966000538718e+00 1.255082904489349538e+01
1.817414536944768244e+01 4.213513847066694545e-02 1.011132746448475617e+00 1.281376270126019001e+01
1.910595372823652127e+01 3.702580556200246037e-02 9.252075153949275155e-01 1.308220468758645261e+01
2.008553692319280515e+01 3.253603351676643413e-02 8.465841399657159094e-01 1.335627040065896054e+01
2.111534442254602695e+01 2.859069400209228798e-02 7.746421144618280685e-01 1.363607765476990252e+01
2.219795128144734164e+01 2.512376879314560246e-02 7.088136632493411415e-01 1.392174673236184113e+01
2.333606458094873304e+01 2.207724507580140910e-02 6.485792598017956490e-01 1.421340043573535006e+01
2.453253019711569394e+01 1.940014470559739412e-02 5.934635265306253959e-01 1.451116413983839415e+01
2.579033991719975205e+01 1.704767117934650675e-02 5.430314830446358876e-01 1.481516584616172238e+01
2.711263892066493852e+01 1.498046004550044469e-02 4.968851132293529704e-01 1.512553623776504530e+01
2.850273364377471097e+01 1.316392021021126242e-02 4.546602240530734362e-01 1.544240873545240866e+01
2.996410004740484823e+01 1.156765511703013519e-02 4.160235713090659759e-01 1.576591955512708587e+01
3.150039230875619012e+01 1.016495411471513184e-02 3.806702296098720684e-01 1.609620776635173556e+01
3.311545195870102276e+01 8.932345502083072555e-03 3.483211858771585456e-01 1.643341535212114479e+01
3.481331748761120082e+01 7.849203770933952870e-03 3.187211373351127031e-01 1.677768726991094184e+01
3.659823444368765877e+01 6.897404474924206941e-03 2.916364766282319998e-01 1.712917151397665805e+01
3.847466604904231957e+01 6.061020949268395089e-03 2.668534481624472710e-01 1.748801917898684977e+01
4.044730436007814234e+01 5.326057806385790967e-03 2.441764611186306444e-01 1.785438452496475037e+01
4.252108200007410943e+01 4.680216748035738450e-03 2.234265458249631298e-01 1.822842504360466975e+01
4.470118449331276622e+01 4.112690775217251946e-03 2.044399413054985015e-01 1.861030152597808751e+01
4.699306323159186860e+01 3.613983352299859723e-03 1.870668028576070452e-01 1.900017813164367197e+01
4.940244910554343960e+01 3.175749499428533098e-03 1.711700194585491219e-01 1.939822245922569977e+01
5.193536683484541783e+01 2.790656154157956231e-03 1.566241316677733919e-01 1.980460561845451650e+01
5.459815003315897997e+01 2.452259465723446823e-03 1.433143414850473751e-01 2.021950230372801371e+01
5.739745704546173499e+01 2.154896968682532520e-03 1.311356063499813096e-01 2.064309086920183134e+01
6.034028759737834946e+01 1.893592831648942135e-03 1.199918101327734077e-01 2.107555340546416645e+01
6.343400029814058882e+01 1.663974595622673717e-03 1.097950045734560898e-01 2.151707581780943457e+01
6.668633104094334385e+01 1.462200008682288700e-03 1.004647151830324325e-01 2.196784790615987504e+01
7.010541234670704114e+01 1.284892732746569519e-03 9.192730612853344807e-02 2.242806344664834839e+01
7.369979369961600923e+01 1.129085846574952225e-03 8.411539908965308399e-02 2.289792027492299198e+01
7.747846292528217305e+01 9.921721996285332544e-04 7.696734150045399236e-02 2.337762037119103198e+01
8.145086866499057976e+01 8.718607860525640942e-04 7.042671997945781914e-02 2.386736994704340376e+01
8.562694400222423496e+01 7.661384087771030710e-04 6.444191510805903633e-02 2.436737953410756674e+01
9.001713130054676526e+01 6.732359922516996430e-04 5.896569404347291876e-02 2.487786407453455340e+01
9.463240831495036787e+01 5.915989801198541292e-04 5.395483775114919694e-02 2.539904301341831783e+01
9.948431564196151555e+01 5.198613224884786723e-04 4.936979991461509093e-02 2.593114039310748709e+01
1.045849855771433994e+02 4.568226175182601165e-04 4.517439483093030339e-02 2.647438494953711441e+01
1.099471724521542768e+02 4.014280248380277453e-04 4.133551182849052458e-02 2.702901021054115915e+01
1.155842845272200918e+02 3.527506146713714008e-04 3.782285395339395756e-02 2.759525459624587640e+01
1.215104175187690743e+02 3.099758573189747494e-04 3.460869886202180140e-02 2.817336152156430984e+01
1.277403898460648861e+02 2.723879934558575289e-04 3.166768003276935334e-02 2.876357950083645676e+01
1.342897796849734675e+02 2.393580571745692860e-04 2.897658657021120673e-02 2.936616225463506069e+01
1.411749639215168770e+02 2.103333513621598739e-04 2.651418002177904909e-02 2.998136881887311489e+01
1.484131591026187778e+02 1.848281992988116116e-04 2.426102676117186316e-02 3.060946365613086328e+01
1.560224644864394463e+02 1.624158177236699008e-04 2.219934461570563858e-02 3.125071676935263909e+01
1.640219072999485945e+02 1.427211753775819547e-04 2.031286252713630086e-02 3.190540381790357216e+01
1.724314903169036768e+02 1.254147175234620216e-04 1.858669213839758000e-02 3.257380623607582493e+01
1.812722418752032070e+02 1.102068514351686615e-04 1.700721029279145952e-02 3.325621135407823914e+01
1.905662684586848457e+02 9.684310057933319990e-05 1.556195151829574408e-02 3.395291252154128614e+01
2.003368099748494728e+02 8.509984640416903541e-05 1.423950964847227503e-02 3.466420923362935014e+01
2.106082978667353416e+02 7.478058648153854419e-05 1.302944780354517613e-02 3.539040725977423563e+01
2.214064162042512862e+02 6.571264638908044147e-05 1.192221602121758782e-02 3.613181877512575113e+01
2.327581659077297047e+02 5.774429031152873796e-05 1.090907588715330813e-02 3.688876249475696056e+01
2.446919322642916654e+02 5.074218201226728770e-05 9.982031570295478093e-03 3.766156381066377179e+01
2.572375559058498879e+02 4.458915368904823256e-05 9.133766718747335714e-03 3.845055493163095406e+01
2.704264074262317763e+02 3.918224537969474514e-05 8.357586718194653236e-03 3.925607502606993648e+01
2.842914658240042627e+02 3.443098211060049388e-05 7.647365857152008811e-03 4.007847036778490235e+01
2.988674009671481713e+02 3.025585995933872889e-05 6.997498982070650929e-03 4.091809448485820866e+01
3.141906602857868620e+02 2.658701569820698068e-05 6.402857260750678507e-03 4.177530831161078595e+01
3.302995599097462787e+02 2.336305775762441401e-05 5.858747704942706726e-03 4.265048034374498087e+01
3.472343804788374655e+02 2.053003894765688579e-05 5.360876132689094617e-03 4.354398679678439521e+01
3.650374678654371792e+02 1.804055374792338338e-05 4.905313278089858987e-03 4.445621176776256078e+01
3.837533390612260860e+02 1.585294506072501346e-05 4.488463781037997126e-03 4.538754740037546753e+01
4.034287934928555046e+02 1.393060715374466148e-05 4.107037812176959381e-03 4.633839405351498897e+01
4.241130300448911044e+02 1.224137312837489271e-05 3.758025109150037440e-03 4.730916047340945596e+01
4.458577700826506316e+02 1.075697666399516316e-05 3.438671219225299721e-03 4.830026396931809529e+01
4.687173867825576963e+02 9.452579031474893034e-06 3.146455760803253121e-03 4.931213059291230394e+01
4.927490410934046849e+02 8.306353461315720788e-06 2.879072532244543459e-03 5.034519532143442433e+01
5.180128246684984106e+02 7.299119911568315952e-06 2.634411311032992028e-03 5.139990224469605806e+01
5.445719101260938260e+02 6.414024124012437589e-06 2.410541199630008256e-03 5.247670475596530792e+01
5.724927090138447738e+02 5.636255598187401605e-06 2.205695386585454758e-03 5.357606574688028189e+01
6.018450378722650385e+02 4.952799764062327891e-06 2.018257202636112180e-03 5.469845780641841060e+01
6.327022928124463306e+02 4.352220206404743097e-06 1.846747361746136447e-03 5.584436342406147702e+01
6.651416330445650829e+02 3.824467296756108545e-06 1.689812286393320255e-03 5.701427519721979564e+01
6.992441738160994191e+02 3.360710030809675437e-06 1.546213424962427502e-03 5.820869604296940736e+01
7.350951892421985576e+02 2.953188257294588761e-06 1.414817476938285161e-03 5.942813941426354774e+01
7.727843255353874383e+02 2.595082825672859890e-06 1.294587448753025880e-03 6.067312952060059672e+01
8.124058251677936369e+02 2.280401479813425833e-06 1.184574469701701665e-03 6.194420155344824508e+01
8.540587625264155349e+02 2.003878588263147972e-06 1.083910303333062222e-03 6.324190191625775981e+01
8.978472916506958654e+02 1.760887033290314426e-06 9.918004952170068715e-04 6.456678845936185951e+01
9.438809066718714575e+02 1.547360784316879094e-06 9.075181030090753980e-04 6.591943071979659408e+01
9.922747156053346771e+02 1.359726860142346539e-06 8.303979593283979414e-04 6.730041016607249560e+01
1.043149728180628472e+03 1.194845541473885824e-06 7.598314221726019816e-04 6.871032044822177909e+01
1.096633158428801380e+03 1.049957833318500416e-06 6.952615714371191639e-04 7.014976765293681638e+01
1.152858742783748994e+03 9.226392981197723676e-07 6.361788136308925250e-04 7.161937056413385960e+01
1.211967074492957408e+03 8.107594871162005661e-07 5.821168600994854839e-04 7.311976092892982138e+01
1.274105955173854682e+03 7.124462910786625164e-07 5.326490470156861057e-04 7.465158372923103514e+01
1.339430764394840480e+03 6.260546138993161907e-07 4.873849680942600785e-04 7.621549745901138806e+01
1.408104848205140797e+03 5.501388448400907879e-07 4.459673934556901962e-04 7.781217440736025992e+01
1.480299927585014302e+03 4.834286688137041271e-07 4.080694503224995581e-04 7.944230094749914883e+01
1.556196527837648091e+03 4.248078099246394790e-07 3.733920432975597163e-04 8.110657783181109437e+01
1.635984429996447261e+03 3.732953525817715185e-07 3.416614938651573135e-04 8.280572049309414240e+01
1.719863145376471039e+03 3.280293276243421625e-07 3.126273804853032579e-04 8.454045935212784002e+01
1.808042414456641382e+03 2.882522888042642339e-07 2.860605622349740541e-04 8.631154013164659489e+01
1.900742731340188357e+03 2.532986382731031762e-07 2.617513703987028200e-04 8.811972417687707093e+01
1.998195895104759757e+03 2.225834889886450228e-07 2.395079537364701663e-04 8.996578878289145109e+01
2.100645589420852957e+03 1.955928776724634012e-07 2.191547643691425752e-04 9.185052752866843662e+01
2.208347991887921125e+03 1.718751645507129313e-07 2.005311723323408024e-04 9.377475061830406844e+01
2.321572414611807289e+03 1.510334759673974432e-07 1.834901978642417214e-04 9.573928522927050722e+01
2.440601977625289692e+03 1.327190634110710474e-07 1.678973514225481206e-04 9.774497586797581050e+01
2.565734316835632853e+03 1.166254678301267126e-07 1.536295722758983706e-04 9.979268473280846763e+01
2.697282328269386653e+03 1.024833915868668908e-07 1.405742572929502370e-04 1.018832920848538350e+02
2.835574950475434889e+03 9.005619224132788323e-08 1.286283722639933289e-04 1.040176966261395819e+02
2.980957987042702825e+03 7.913592276202712575e-08 1.176976387419695352e-04 1.061968158861504037e+02
3.133794971289250043e+03 6.953985190287657362e-08 1.076957899848547451e-04 1.084215866161119806e+02
3.294468075284922634e+03 6.110740652148242121e-08 9.854389012753797061e-05 1.106929651916505293e+02
3.463379065480592999e+03 5.369748467393677139e-08 9.016971121002058777e-05 1.130119280241362389e+02
3.640950307333554974e+03 4.718609452511043249e-08 8.250716314501885804e-05 1.153794719801489492e+02
3.827625821441170956e+03 4.146427956641074606e-08 7.549577212667194751e-05 1.177966148102338764e+02
4.023872393823642142e+03 3.643629542272311566e-08 6.908020336348791063e-05 1.202643955862264136e+02
4.230180743132199495e+03 3.201800774098382154e-08 6.320982436914999406e-05 1.227838751480026787e+02
4.447066747701334862e+03 2.813548435175446813e-08 5.783830536450100329e-05 1.253561365595911070e+02
4.675072735513344924e+03 2.472375814608747713e-08 5.292325363697051791e-05 1.279822855745639316e+02
4.914768840300775992e+03 2.172573996681133532e-08 4.842587897194547175e-05 1.306634511116283477e+02
5.166754427177720572e+03 1.909126332317279476e-08 4.431068751538463733e-05 1.334007857396019290e+02
5.431659591364801599e+03 1.677624494408118387e-08 4.054520165185472521e-05 1.361954661731376177e+02
5.710146733755425885e+03 1.474194712312517928e-08 3.709970368703903660e-05 1.390486937785391603e+02
6.002912217263044113e+03 1.295432951207854478e-08 3.394700131187975529e-05 1.419616950900160646e+02
6.310688108091153481e+03 1.138347951637290111e-08 3.106221299744485166e-05 1.449357223371902421e+02
6.634244006280128815e+03 1.000311176111881160e-08 2.842257162670149551e-05 1.479720539831765791e+02
6.974388970108182548e+03 8.790128252217654661e-09 2.600724481354040494e-05 1.510719952742572332e+02
7.331973539158482708e+03 7.724231872603870444e-09 2.379717049093760372e-05 1.542368788010821561e+02
7.707891861111141225e+03 6.787586746154355365e-09 2.177490647067352550e-05 1.574680650713121963e+02
8.103083927578147268e+03 5.964519786100050301e-09 1.992449278737333377e-05 1.607669430946052103e+02
8.518537924572025076e+03 5.241258433851326038e-09 1.823132574042292528e-05 1.641349309796828493e+02
8.955292703485578386e+03 4.605700199776402730e-09 1.668204263970063589e-05 1.675734765439043485e+02
9.414440378761499232e+03 4.047210149612502871e-09 1.526441634553155237e-05 1.710840579358014963e+02
9.897129058747319505e+03 3.556442947788470474e-09 1.396725877052941192e-05 1.746681842702316771e+02
1.040456571656430970e+04 3.125186479898570363e-09 1.278033258179970898e-05 1.783273962774194388e+02
1.093801920816896018e+04 2.746224437598295550e-09 1.169427040659175459e-05 1.820632669650044591e+02
1.149882344515380282e+04 2.413215566549201815e-09 1.070050090380467524e-05 1.858774022943554201e+02
1.208838073022117533e+04 2.120587556831683500e-09 9.791181117875437734e-06 1.897714418711079531e+02
1.270816526367042752e+04 1.863443800264263836e-09 8.959134581160785795e-06 1.937470596495233792e+02
1.335972682966652428e+04 1.637481454400393921e-09 8.197794676356358887e-06 1.978059646526807285e+02
1.404469467150771925e+04 1.438919442123757703e-09 7.501152811903562541e-06 2.019499017066700048e+02
1.476478156558243427e+04 1.264435182064050406e-09 6.863711001424009891e-06 2.061806521908213199e+02
1.552178810420236550e+04 1.111108991120438009e-09 6.280438472912422883e-06 2.105000348036220998e+02
1.631760719802116000e+04 9.763752287666568969e-10 5.746731965237265982e-06 2.149099063442027102e+02
1.715422880929701932e+04 8.579793656318532151e-10 5.258379398623245506e-06 2.194121625109104627e+02
1.803374492783486858e+04 7.539402579681422922e-10 4.811526632375964525e-06 2.240087387158866932e+02
1.895835480205053682e+04 6.625169967419020150e-10 4.402647047514661542e-06 2.287016109171959215e+02
1.993037043823734348e+04 5.821797766244973997e-10 4.028513714247565746e-06 2.334927964684568167e+02
2.095222238178608313e+04 5.115842974251036246e-10 3.686173924625280383e-06 2.383843549854775858e+02
2.202646579481454319e+04 4.495492696249129542e-10 3.372925889399696350e-06 2.433783892323175735e+02
2.315578684540369068e+04 3.950366476014159818e-10 3.086297415155341649e-06 2.484770460248510631e+02
2.434300942441707230e+04 3.471342597849949480e-10 2.824026393443449179e-06 2.536825171535127197e+02
2.559110220669883711e+04 3.050405450941555509e-10 2.584042947936276543e-06 2.589970403258921010e+02
2.690318607430719567e+04 2.680511402387970973e-10 2.364453098696634507e-06 2.644229001282121772e+02
2.828254192034512744e+04 2.355470934565675339e-10 2.163523814649314180e-06 2.699624290078817239e+02
2.973261885290210193e+04 2.069845074579242302e-10 1.979669336277389756e-06 2.756180082758770027e+02
3.125704281962085952e+04 1.818854382742355711e-10 1.811438660605115874e-06 2.813920691300768340e+02
3.285962567445517197e+04 1.598298977180005694e-10 1.657504089700706228e-06 2.872870937012579020e+02
3.454437470929026313e+04 1.404488256285286169e-10 1.516650752312428414e-06 2.933056161194199944e+02
3.631550267425979837e+04 1.234179143081292209e-10 1.387767015950751883e-06 2.994502236033973190e+02
3.817743831181556016e+04 1.084521818107305717e-10 1.269835713742567481e-06 3.057235575728473691e+02
4.013483743089039490e+04 9.530120327702149426e-11 1.161926116820991894e-06 3.121283147838535115e+02
4.219259454884566367e+04 8.374492052083001700e-11 1.063186588894885535e-06 3.186672484884206256e+02
4.435585513031406299e+04 7.358995974747300750e-11 9.728378650259883000e-07 3.253431696176812693e+02
4.663002845354139572e+04 6.466639578798650860e-11 8.901669015708256322e-07 3.321589479902295352e+02
4.902080113639969204e+04 5.682490870435826976e-11 8.145212487498581425e-07 3.391175135460883325e+02
5.153415135589398415e+04 4.993428518647296129e-11 7.453039014304911013e-07 3.462218576061486601e+02
5.417636379671867326e+04 4.387922293121682229e-11 6.819685874863691450e-07 3.534750341579972996e+02
5.695404536624281900e+04 3.855840126391905226e-11 6.240154565479292348e-07 3.608801611685144621e+02
5.987414171521994285e+04 3.388278571752051821e-11 5.709871351201316550e-07 3.684404219247657579e+02
6.294395460553275188e+04 2.977413819938867027e-11 5.224651169320100031e-07 3.761590664018538064e+02
6.617116016840114025e+04 2.616370781632319259e-11 4.780664600321476683e-07 3.840394126603355289e+02
6.956382809870861820e+04 2.299108045089083926e-11 4.374407645619651704e-07 3.920848482725875215e+02
7.313044183344273188e+04 2.020316783881816622e-11 4.002674073550856223e-07 4.002988317785029722e+02
7.687991976470644295e+04 1.775331923158169770e-11 3.662530115391281636e-07 4.086848941734792220e+02
8.082163754034375597e+04 1.560054077919716222e-11 3.351291311672579132e-07 4.172466404248839353e+02
8.496545150794286747e+04 1.370880957124856041e-11 3.066501326089703260e-07 4.259877510224608272e+02
8.932172336083906703e+04 1.204647085768972922e-11 2.805912559782177040e-07 4.349119835606812785e+02
9.390134604774527543e+04 1.058570836299964415e-11 2.567468412994961809e-07 4.440231743533650501e+02
9.871577101079767453e+04 9.302078830415389922e-12 2.349287054134036819e-07 4.533252400837069445e+02
1.037770368201258680e+05 8.174103007568855471e-12 2.149646568108327599e-07 4.628221794868704819e+02
1.090977992765488161e+05 7.182906229504324357e-12 1.966971366759057110e-07 4.725180750698476686e+02
1.146913630576689611e+05 6.311902584796140926e-12 1.799819754116651247e-07 4.824170948663424383e+02
1.205717149864963576e+05 5.546517379873488643e-12 1.646872548351110040e-07 4.925234942278690369e+02
1.267535590057915979e+05 4.873943257512943027e-12 1.506922670622606798e-07 5.028416176538965487e+02
1.332523529455816897e+05 4.282925888532532093e-12 1.378865618660027711e-07 5.133759006586717533e+02
1.400843471757866791e+05 3.763575650656678329e-12 1.261690749888942372e-07 5.241308716782586998e+02
1.472666252406089625e+05 3.307202143316913303e-12 1.154473305312120350e-07 5.351111540176927974e+02
1.548171465762921434e+05 2.906168769278393344e-12 1.056367111192110121e-07 5.463214678371242599e+02
1.627547914190663723e+05 2.553764949806931527e-12 9.665979009420828739e-08 5.577666321824488023e+02
1.710994080155731353e+05 2.244093835088832105e-12 8.844572045143309147e-08 5.694515670561958132e+02
1.798718622538203781e+05 1.971973630956967232e-12 8.092967570638240808e-08 5.813812955317395108e+02
1.890940898387710622e+05 1.732850890808035765e-12 7.405233827607816228e-08 5.935609459142751803e+02
1.987891511430313694e+05 1.522724321783304898e-12 6.775943133702213422e-08 6.059957539437837113e+02
2.089812888697938761e+05 1.338077830268331341e-12 6.200129046566952510e-08 6.186910650469528719e+02
2.196959886722229712e+05 1.175821686330692656e-12 5.673247168041687077e-08 6.316523366342347572e+02
2.309600428808625729e+05 1.033240822596750140e-12 5.191139279190830773e-08 6.448851404457053604e+02
2.428016174984180834e+05 9.079494024403972162e-13 4.750000523114857471e-08 6.583951649473586940e+02
2.552503226294341730e+05 7.978508972574805512e-13 4.346349376529992424e-08 6.721882177754348504e+02
2.683372865209793090e+05 7.011030047972763984e-13 3.977000173145067775e-08 6.862702282335901600e+02
2.820952333994774381e+05 6.160868215167621689e-13 3.639037961973868556e-08 7.006472498406953946e+02
2.965585652983192704e+05 5.413797531167206413e-13 3.329795502174442135e-08 7.153254629343015267e+02
3.117634480808650260e+05 4.757317099612959758e-13 3.046832212843517102e-08 7.303111773272969458e+02
3.277479018739408348e+05 4.180441890554120646e-13 2.787914911639096823e-08 7.456108350195331695e+02
3.445518961379595567e+05 3.673518925556054968e-13 2.551000190222428245e-08 7.612310129677434816e+02
3.622174496113909991e+05 3.228065752308951761e-13 2.334218287418289757e-08 7.771784259124781329e+02
3.807887353794944938e+05 2.836628505909395202e-13 2.135858332822349918e-08 7.934599292651145106e+02
4.003121913300411543e+05 2.492657181714529558e-13 1.954354844393222852e-08 8.100825220545190177e+02
4.208366362722213962e+05 2.190396032687786638e-13 1.788275373468295645e-08 8.270533499353897469e+02
4.424133920090965694e+05 1.924787257232971227e-13 1.636309199697072751e-08 8.443797082605343576e+02
4.650964116688389913e+05 1.691386365898562571e-13 1.497256986668862413e-08 8.620690452167850708e+02
4.889424146156553179e+05 1.486287810768316997e-13 1.370021316596972381e-08 8.801289650267984825e+02
5.140110282777408138e+05 1.306059633077926356e-13 1.253598029357678461e-08 8.985672312179476648e+02
5.403649372469085502e+05 1.147686035501485711e-13 1.147068297530291525e-08 9.173917699592382178e+02
5.680700400227193022e+05 1.008516918160598186e-13 1.049591374895121269e-08 9.366106734702318590e+02
5.971956137930564582e+05 8.862235339229531965e-14 9.603979611555251214e-09 9.562322034972396523e+02
6.278144876631795196e+05 7.787595209718057173e-14 8.787841305229382607e-09 9.762647948662737463e+02
6.600032247664229944e+05 6.843266605884351223e-14 8.041057762449642333e-09 9.967170591094464953e+02
6.938423137119094608e+05 6.013447871657852086e-14 7.357735272321682661e-09 1.017597788165518409e+03
7.294163698479967425e+05 5.284253469540934066e-14 6.732480966666791637e-09 1.038915958160001082e+03
7.668143468447235646e+05 4.643481630891712406e-14 6.160360258821667914e-09 1.060680733264763603e+03
8.061297591243179049e+05 4.080410181060472047e-14 5.636857899243280767e-09 1.082901469634859268e+03
8.474609156959623797e+05 3.585617122924258743e-14 5.157842340594905947e-09 1.105587719434096698e+03
8.909111659795242595e+05 3.150822976542135473e-14 4.719533131037213994e-09 1.128749234937389929e+03
9.365891582329371013e+05 2.768752236829395524e-14 4.318471078430424923e-09 1.152395972727032813e+03
9.846091112294379855e+05 2.433011630935013490e-14 3.951490949940053666e-09 1.176538097968724514e+03
1.035091099863994634e+06 2.137983138224416245e-14 3.615696491622610841e-09 1.201185988784363644e+03
1.088161355403086869e+06 1.878729982716698576e-14 3.308437570820281857e-09 1.226350240714024949e+03
1.143952581128624268e+06 1.650914024929322070e-14 3.027289260969083249e-09 1.252041671265825926e+03
1.202604284165272489e+06 1.450723170856296458e-14 2.770032703778240744e-09 1.278271324572108597e+03
1.264263124320930336e+06 1.274807583361883809e-14 2.534637597711086511e-09 1.305050476132014865e+03
1.329083280812643003e+06 1.120223628632884512e-14 2.319246174592407425e-09 1.332390637663763982e+03
1.397226837794951163e+06 9.843846197062137528e-15 2.122158537858235576e-09 1.360303562046175330e+03
1.468864189654704416e+06 8.650175328798340538e-15 1.941819246762389015e-09 1.388801248378076934e+03
1.544174467085782439e+06 7.601249727102041623e-15 1.776805040637972787e-09 1.417895947135401912e+03
1.623345985009134281e+06 6.679517491550837211e-15 1.625813606337514060e-09 1.447600165429097615e+03
1.706576713458170416e+06 5.869555076041977938e-15 1.487653300220441094e-09 1.477926672395063406e+03
1.794074772606963990e+06 5.157809203170399077e-15 1.361233743541649248e-09 1.508888504670278508e+03
1.886058953179090517e+06 4.532370074340419111e-15 1.245557217049902957e-09 1.540498972008957708e+03
1.982759263538399944e+06 3.982772080466045858e-15 1.139710786854238324e-09 1.572771662991134690e+03
2.084417504829733167e+06 3.499818678696102047e-15 1.042859099438597251e-09 1.605720450875779989e+03
2.191287875607731752e+06 3.075428504641522509e-15 9.542377889428719491e-10 1.639359499559118603e+03
2.303637607465630397e+06 2.702500145143760047e-15 8.731474446896560215e-10 1.673703269660981505e+03
2.421747633253435604e+06 2.374793308797774674e-15 7.989480913483975471e-10 1.708766524749288692e+03
2.545913289556382690e+06 2.086824405779307259e-15 7.310541381656112999e-10 1.744564337676100195e+03
2.676445055190230254e+06 1.833774789757492070e-15 6.689297574104007165e-10 1.781112097066157730e+03
2.813669327560023405e+06 1.611410126426673155e-15 6.120846555519611566e-10 1.818425513924228198e+03
2.957929238823618274e+06 1.416009539479034476e-15 5.600702038024003546e-10 1.856520628398567624e+03
3.109585513900805730e+06 1.244303348361625350e-15 5.124758974793556891e-10 1.895413816666564117e+03
