# [1] m:            [M_sun/h] 
# [2] sigma 
# [3] ln(1/sigma) 
# [4] n_eff 
# [5] f(sigma) 
# [6] dn/dm:        [h^4/(Mpc^3*M_sun)] 
# [7] dn/dlnm:      [h^3/Mpc^3] 
# [8] dn/dlog10m:   [h^3/Mpc^3] 
# [9] n(>m):        [h^3/Mpc^3] 
# [11] rho(>m):     [M_sun*h^2/Mpc^3] 
# [11] rho(<m):     [M_sun*h^2/Mpc^3] 
# [12] Lbox(N=1):   [Mpc/h]
1.000000000000000000e+10 3.509866942759443109e+00 -1.255578128713503716e+00 -2.374675115771645473e+00 3.415082200826062286e-01 2.691830521794245210e-11 2.691830521794245090e-01 6.198168832349812973e-01 3.141879186253515588e-01 4.771972625044295502e+10 2.790992374955704498e+10 1.470968952551512610e+00
1.122018454301965332e+10 3.467858727258226192e+00 -1.243537322003848811e+00 -2.370248896793402338e+00 3.446744906378147455e-01 2.173296194865897325e-11 2.438478437303776836e-01 5.614804099323092990e-01 2.846554862961694354e-01 4.740727418421594238e+10 2.822237581578405762e+10 1.520174630348801958e+00
1.258925411794171333e+10 3.426058518726379454e+00 -1.231410480528493556e+00 -2.365764255762443646e+00 3.478689550437391032e-01 1.754717579878906409e-11 2.209058551831523942e-01 5.086545290998282232e-01 2.579021128203661251e-01 4.708968681067067719e+10 2.853996318932932281e+10 1.571019949682968209e+00
1.412537544622761154e+10 3.384465760449828498e+00 -1.219196068339736705e+00 -2.361151737701553621e+00 3.510911333393855749e-01 1.416962705279370153e-11 2.001513020537346588e-01 4.608654044522779714e-01 2.336641144815636006e-01 4.676684986084203339e+10 2.886280013915796661e+10 1.623563677800936134e+00
1.584893192461123848e+10 3.343080595474248184e+00 -1.206892715874317012e+00 -2.356440915372500999e+00 3.543404182994432938e-01 1.144326509654415811e-11 1.813635295104082112e-01 4.176049594634516637e-01 2.117023553836704375e-01 4.643863762479248047e+10 2.919101237520751953e+10 1.677869205402410024e+00
1.778279410038937378e+10 3.301902389135223714e+00 -1.194498783926903895e+00 -2.351669376171507508e+00 3.576161842576915384e-01 9.241756914364782793e-12 1.643442603339987651e-01 3.784166439641982183e-01 1.918018152979792668e-01 4.610494017885018158e+10 2.952470982114981842e+10 1.734000009806735410e+00
1.995262314968899155e+10 3.260930239744028292e+00 -1.182012504288890709e+00 -2.346856526056923187e+00 3.609177434414785890e-01 7.463759988542167286e-12 1.489215903311088829e-01 3.429046339213775441e-01 1.737687833508399504e-01 4.576566137383290863e+10 2.986398862616709137e+10 1.792019563433904450e+00
2.238721138568365097e+10 3.220163900520964351e+00 -1.169432259043824196e+00 -2.341932473304058515e+00 3.642442648546718176e-01 6.028427232127608548e-12 1.349596747688525666e-01 3.107561352780845998e-01 1.574272641208534773e-01 4.542069111816331482e+10 3.020895888183668518e+10 1.851995884749215504e+00
2.511886431509613037e+10 3.179604325638215379e+00 -1.156756763150608602e+00 -2.336892233150002163e+00 3.675947182990627060e-01 4.869610415262570113e-12 1.223190832883594148e-01 2.816500977684734952e-01 1.426171082946895985e-01 4.506989877116210938e+10 3.055975122883789062e+10 1.914003780211092076e+00
2.818382931264495468e+10 3.139251882237413138e+00 -1.143984517468635165e+00 -2.331790165618528476e+00 3.709680110369362183e-01 3.933599724101734324e-12 1.108639032083505727e-01 2.552735708786827984e-01 1.291940165785107619e-01 4.471316583766576385e+10 3.091648416233423615e+10 1.978119541019925043e+00
3.162277660168431091e+10 3.099106528957507489e+00 -1.131113853483432630e+00 -2.326651451816246219e+00 3.743629673112673362e-01 3.177412862038191612e-12 1.004786171075520984e-01 2.313605659165059725e-01 1.170281631586310989e-01 4.435039458166349030e+10 3.127925541833650970e+10 2.044418821280810317e+00
3.548133892335818481e+10 3.059168393807873532e+00 -1.118143112299566644e+00 -2.321429867413268067e+00 3.777782717813694680e-01 2.566684901367956932e-12 9.106941689490265224e-02 2.096950817698629566e-01 1.060017719664719249e-01 4.398148143773212433e+10 3.164816856226787567e+10 2.112981160888146359e+00
3.981071705535050964e+10 3.019438969554602448e+00 -1.105071042458422692e+00 -2.316080164906013650e+00 3.812123553761199712e-01 2.073542816593676538e-12 8.254922637356541804e-02 1.900766180859626842e-01 9.600747947007633176e-02 4.360629771952472687e+10 3.202335228047527313e+10 2.183894446740147544e+00
4.466835921509725952e+10 2.979919602500097131e+00 -1.091896321126559544e+00 -2.310664875672665985e+00 3.846635118140248055e-01 1.675144363834543396e-12 7.482595018090695826e-02 1.722931174556714962e-01 8.694823608153551264e-02 4.322471928646829987e+10 3.240493071353170013e+10 2.257250414096388713e+00
5.011872336272837830e+10 2.940610987783983887e+00 -1.078617378733362830e+00 -2.305207302689355586e+00 3.881299325885939067e-01 1.353235000889318859e-12 6.782241065433326777e-02 1.561668717435883424e-01 7.873673635155405137e-02 4.283664590886483765e+10 3.279300409113516235e+10 2.333140344767504093e+00
5.623413251903628540e+10 2.901513662641074465e+00 -1.065232553457385878e+00 -2.299696759051801376e+00 3.916096544332806073e-01 1.093151528654331590e-12 6.147242792573477665e-02 1.415454961719477822e-01 7.129392715366568434e-02 4.244198159805120087e+10 3.318766840194879913e+10 2.411658558740312319e+00
6.309573444802097321e+10 2.862629299169255237e+00 -1.051740537875683890e+00 -2.294058674671636044e+00 3.951004313703428972e-01 8.831143665989314158e-13 5.572074956215841701e-02 1.283017673122804903e-01 6.454774556656001083e-02 4.204060703733236694e+10 3.358904296266763306e+10 2.492908320827659452e+00
7.079457843841575623e+10 2.823959969248297508e+00 -1.038140144335164550e+00 -2.288336228051774057e+00 3.985997846798687294e-01 7.134322841400507433e-13 5.050713780005094272e-02 1.162969825881933900e-01 5.843277681904818222e-02 4.163239478494390869e+10 3.399725521505609131e+10 2.577000433516632771e+00
7.943282347243049622e+10 2.785506890659557477e+00 -1.024429864236060084e+00 -2.282565549108014125e+00 4.021051033033793409e-01 5.763186218704673937e-13 4.577861535491125483e-02 1.054091572941269900e-01 5.289012332199019562e-02 4.121724121395108795e+10 3.441240878604891205e+10 2.664046535338900679e+00
8.912509381337731934e+10 2.747270926988861106e+00 -1.010608028747446818e+00 -2.276762755996700083e+00 4.056135867719844468e-01 4.655154687134512074e-13 4.148910982066465053e-02 9.553220579465529494e-02 4.786658924477065619e-02 4.079505961926685333e+10 3.483459038073314667e+10 2.754160037356394142e+00
1.000000000000032654e+11 2.709253580962880381e+00 -9.966731655744098806e-01 -2.270842005886245296e+00 4.091221393560818265e-01 3.760239120555728145e-13 3.760239120555850661e-02 8.658270545084942316e-02 4.331371646363305766e-02 4.036574493554853821e+10 3.526390506445146179e+10 2.847463616461002101e+00
1.122018454302001953e+11 2.671457227115656252e+00 -9.826241014754825143e-01 -2.264809513757384263e+00 4.126273311892059703e-01 3.037377066692015584e-13 3.407993121502123773e-02 7.847194158597035896e-02 3.918735028771257872e-02 3.992917075541049194e+10 3.570047924458950806e+10 2.944091931177402088e+00
1.258925411794212494e+11 2.633883421529787050e+00 -9.684593432413177716e-01 -2.258720134090473231e+00 4.161255382101867184e-01 2.453281672217421451e-13 3.088498639443511620e-02 7.111530926915021755e-02 3.544766901633458062e-02 3.948523116388323212e+10 3.614441883611676788e+10 3.044183114578477234e+00
1.412537544622807312e+11 2.596533199977807183e+00 -9.541771706552326648e-01 -2.252600677497662574e+00 4.196128989097415718e-01 1.981264098476356309e-13 2.798609924911112101e-02 6.444037494205512306e-02 3.205877691105445820e-02 3.903384786637882996e+10 3.659580213362117004e+10 3.147876486300245524e+00
1.584893192461175842e+11 2.559407716922628140e+00 -9.397758711463857217e-01 -2.246383207427903095e+00 4.230852369346717046e-01 1.599997406532772193e-13 2.535824997569327208e-02 5.838952837844795657e-02 2.898802932804189422e-02 3.857493382879572296e+10 3.705471617120427704e+10 3.255320621380340729e+00
1.778279410038995667e+11 2.522509264546213714e+00 -9.252541460024953368e-01 -2.240025830957752540e+00 4.265379463909810820e-01 1.292103625394006553e-13 2.297721272674901546e-02 5.290698750316535914e-02 2.620561643100157226e-02 3.810837239739050293e+10 3.752127760260949707e+10 3.366680265845578113e+00
1.995262314968964539e+11 2.485839675765077583e+00 -9.106105001662075926e-01 -2.233599236289698808e+00 4.299661216662455376e-01 1.043352369226884437e-13 2.081761663551987343e-02 4.793433373661292601e-02 2.368458340000712675e-02 3.763405995683580780e+10 3.799559004316419220e+10 3.482128149143953522e+00
2.238721138568438416e+11 2.449400082576723481e+00 -8.958431303180907079e-01 -2.227128332386636878e+00 4.333645597268240279e-01 8.423675321919046796e-14 1.885826000761746390e-02 4.342274837334575421e-02 2.140065634725817068e-02 3.715192747089591980e+10 3.847772252910408020e+10 3.601839050304042278e+00
2.511886431509695129e+11 2.413191408276153194e+00 -8.809501072748635586e-01 -2.220585532069935919e+00 4.367276919813383174e-01 6.800174132003736935e-14 1.708126513408340583e-02 3.933106646721939298e-02 1.933181097624404876e-02 3.666191097871101379e+10 3.896773902128898621e+10 3.725996877953697162e+00
2.818382931264587402e+11 2.377215675155395669e+00 -8.659299184459714471e-01 -2.213888977587044948e+00 4.400494403934528953e-01 5.489416697208555822e-14 1.547127832201141903e-02 3.562393483382542830e-02 1.745793594371793794e-02 3.616391832352114105e+10 3.946573167647885895e+10 3.854804596023851282e+00
3.162277660168534546e+11 2.341475041244573951e+00 -8.507810902827369626e-01 -2.207098555278135699e+00 4.433232856043425874e-01 4.430784141315145977e-14 1.401136970710990977e-02 3.226237102001962981e-02 1.576077829737181774e-02 3.565785716096910858e+10 3.997179283903089142e+10 3.988480257390827344e+00
3.548133892335934448e+11 2.305970805833267079e+00 -8.355017616770776812e-01 -2.200250124909339355e+00 4.465423343225943253e-01 3.575671882865792945e-14 1.268696259546876585e-02 2.921281094769943160e-02 1.422389874817884745e-02 3.514367331158258057e+10 4.048597668841741943e+10 4.127246893196230282e+00
3.981071705535180664e+11 2.270703921335967213e+00 -8.200898809278488466e-01 -2.193354181500566824e+00 4.496992452121851835e-01 2.885000452875776711e-14 1.148539367339993650e-02 2.644609625953881979e-02 1.283242606799789645e-02 3.462133638619596863e+10 4.100831361380403137e+10 4.271336068709731926e+00
4.466835921509872437e+11 2.235676097929686357e+00 -8.045436869867470531e-01 -2.186307818271861603e+00 4.527861040765466250e-01 2.327523493215066286e-14 1.039666554765119807e-02 2.393920710686642597e-02 1.157279348383777155e-02 3.409079559675065613e+10 4.153885440324934387e+10 4.421000855309578093e+00
5.011872336273001709e+11 2.200889750190602623e+00 -7.888617105085503622e-01 -2.179133625352686288e+00 4.557944079216170730e-01 1.877510172301461126e-14 9.409841293628850786e-03 2.166696029014960126e-02 1.043263929891237625e-02 3.355198422393380356e+10 4.207766577606619263e+10 4.576518995046257920e+00
5.623413251903812256e+11 2.166346434292203416e+00 -7.730420777526062492e-01 -2.171890860036184367e+00 4.587151770205651902e-01 1.514159158068175222e-14 8.514742674972096068e-03 1.960591955407099338e-02 9.400817302806865200e-03 3.300487365712018204e+10 4.262477634287982178e+10 4.738178987914921869e+00
6.309573444802304688e+11 2.132047236434936099e+00 -7.570826619844893690e-01 -2.164610361199774236e+00 4.615388894918684981e-01 1.220782304403698137e-14 7.702615609750136996e-03 1.773592788007390814e-02 8.467271116953245871e-03 3.244947783860226822e+10 4.318017216139773560e+10 4.906278287494647117e+00
7.079457843841807861e+11 2.097993503839750140e+00 -7.409814136107559790e-01 -2.157198947718864446e+00 4.642553913989184156e-01 9.840629145345544821e-15 6.966631919135482173e-03 1.604126280537786220e-02 7.622841349816954909e-03 3.188580388019301224e+10 4.374384611980699158e+10 5.081138578370608450e+00
7.943282347243309326e+11 2.064187658745130438e+00 -7.247367634210056808e-01 -2.149623495661165506e+00 4.668538117928838216e-01 7.931092252971752281e-15 6.299890508738868571e-03 1.450603397291679551e-02 6.859158930359592066e-03 3.131383146174740982e+10 4.431581853825259399e+10 5.263117244367220948e+00
8.912509381338023682e+11 2.030631530011417496e+00 -7.083468432003746651e-01 -2.141967036504863309e+00 4.693226747831908408e-01 6.390227943905800306e-15 5.695296649894883434e-03 1.311390516622688851e-02 6.168660451881002524e-03 3.073357314573352051e+10 4.489607685426647949e+10 5.452592537015324758e+00
1.000000000000065430e+12 1.997326317103403692e+00 -6.918094447419423920e-01 -2.134262190958833294e+00 4.716498691597124648e-01 5.146914373602658976e-15 5.146914373602995592e-03 1.185120831157504551e-02 5.544532614935956776e-03 3.014509843089419174e+10 4.548455156910580444e+10 5.649955394779849094e+00
1.122018454302038818e+12 1.964273090658144039e+00 -6.751222484625806208e-01 -2.126458222229633765e+00 4.738225806654245420e-01 4.144195876144644002e-15 4.649864251276696579e-03 1.070670810943564165e-02 4.980584704410691808e-03 2.954849012101449585e+10 4.608115987898550415e+10 5.855624553300676105e+00
1.258925411794253662e+12 1.931474067074099965e+00 -6.582834767198534331e-01 -2.118466433809250482e+00 4.758271907014310909e-01 3.336022334431619501e-15 4.199803291129153987e-03 9.670404451661323425e-03 4.471156890383270154e-03 2.894380407126107788e+10 4.668584592873892212e+10 6.070065306393261473e+00
1.412537544622853760e+12 1.898931403965880227e+00 -6.412913089901965957e-01 -2.110370513646978807e+00 4.776493492074653791e-01 2.684473984360879969e-15 3.791920290473046497e-03 8.731219134664888748e-03 4.011116300725117018e-03 2.833111675264687347e+10 4.729853324735312653e+10 6.293780345843119406e+00
1.584893192461227539e+12 1.866646429332377233e+00 -6.241434675851414982e-01 -2.102208654932161913e+00 4.792739961249724567e-01 2.159236041519216218e-15 3.422158503120734108e-03 7.879811155148620100e-03 3.595840543479781465e-03 2.771057090525391006e+10 4.791907909474609375e+10 6.527294259336409610e+00
1.778279410039053711e+12 1.834620136853110095e+00 -6.068374501877156213e-01 -2.093980690143341761e+00 4.806853044215266269e-01 1.735957701984602392e-15 3.087017838137930213e-03 7.108121255903104493e-03 3.221142233203490128e-03 2.708234878697620010e+10 4.854730121302380371e+10 6.771164519262669046e+00
1.995262314969029785e+12 1.802854390576399402e+00 -5.893711814349399392e-01 -2.085561462355300488e+00 4.818666175210749025e-01 1.395154168984803896e-15 2.783698536947312816e-03 6.409702754564218161e-03 2.883196632941808536e-03 2.644661718623198700e+10 4.918303281376801300e+10 7.026007018602506982e+00
2.238721138568511719e+12 1.771351577019348422e+00 -5.717428580252136294e-01 -2.076996336911506980e+00 4.828004851687173749e-01 1.120758296968678715e-15 2.509065290649826682e-03 5.777336335599064267e-03 2.578520655687727581e-03 2.580354510284547043e+10 4.982610489715452576e+10 7.292500402274261440e+00
2.511886431509777344e+12 1.740113174276461061e+00 -5.539501537988751334e-01 -2.068351256839193297e+00 4.834687150163617386e-01 8.998319697754062816e-16 2.260275715517559222e-03 5.204477168607182791e-03 2.303975318082572641e-03 2.515337258879416275e+10 5.047627741120584106e+10 7.571362839986307769e+00
2.818382931264679688e+12 1.709140209902964003e+00 -5.359904428413082567e-01 -2.059660932035781933e+00 4.838523428954885075e-01 7.220016141043729863e-16 2.034877025537312756e-03 4.685477505078280806e-03 2.056726451240436983e-03 2.449640945359256363e+10 5.113324054640744019e+10 7.863353901812991431e+00
3.162277660168638184e+12 1.678434120162923815e+00 -5.178612874349876050e-01 -2.050796408261873260e+00 4.839316304771453248e-01 5.790075439550192930e-16 1.830982621318068271e-03 4.215993289378145922e-03 1.834189681379027161e-03 2.383296917310359955e+10 5.179668082689640045e+10 8.169307646126799938e+00
3.548133892336050781e+12 1.647997338100790632e+00 -4.995608162558726195e-01 -2.041739283557917339e+00 4.836861205828166255e-01 4.640749754781084363e-16 1.646600149078898115e-03 3.791436957390844579e-03 1.634003925209803277e-03 2.316335248901371765e+10 5.246629751098628235e+10 8.490155310032728053e+00
3.981071705535311035e+12 1.617831570866313573e+00 -4.810867161018200777e-01 -2.032588274497529657e+00 4.830946923134643578e-01 3.716930606799672581e-16 1.479736727016837082e-03 3.407219729184768949e-03 1.454037508045413719e-03 2.248792968832439423e+10 5.314172031167560577e+10 8.826898447815644033e+00
4.466835921510018555e+12 1.587937931874717323e+00 -4.624362763398666143e-01 -2.023388733079721113e+00 4.821355816294684571e-01 2.974621784340000293e-16 1.328714743919613998e-03 3.059478762190704238e-03 1.292370045761027497e-03 2.180716529596315765e+10 5.382248470403684235e+10 9.180599435642061934e+00
5.011872336273166016e+12 1.558317492382033320e+00 -4.436067087045312829e-01 -2.014053438700466714e+00 4.807864402956641969e-01 2.378736998163495153e-16 1.192192615636509341e-03 2.745124944742206603e-03 1.147254953087705441e-03 2.112155516080772781e+10 5.450809483919227600e+10 9.552418760551958599e+00
5.623413251903997070e+12 1.528972501961224140e+00 -4.245959424563786611e-01 -2.004486339349657253e+00 4.790244979858955809e-01 1.900840989527550029e-16 1.068921441027153186e-03 2.461282575690836982e-03 1.017094765076879959e-03 2.043157954023305130e+10 5.519807045976695251e+10 9.943658338752770831e+00
6.309573444802510742e+12 1.499904951036375778e+00 -4.054017401247066998e-01 -1.994804344763351889e+00 4.768266383101469885e-01 1.517581251592310237e-16 9.575290365376998812e-04 2.204792085640658750e-03 9.004428985435930424e-04 1.973777687404082108e+10 5.589187312595918274e+10 1.035574324523648571e+01
7.079457843842039062e+12 1.471116023549467355e+00 -3.860213124378533700e-01 -1.985052402309614550e+00 4.741694575787823718e-01 1.210369682015730460e-16 8.568761139294857592e-04 1.973030166476701531e-03 7.959973422406595341e-04 1.904079483696408844e+10 5.658885516303591156e+10 1.079019916081298369e+01
7.943282347243568359e+12 1.442606588507082011e+00 -3.664516081829827243e-01 -1.975211663503329440e+00 4.710294075163028449e-01 9.643241344351616673e-17 7.659898874079753509e-04 1.763756896129791687e-03 7.025776656754975993e-04 1.834134476431265640e+10 5.728830523568734741e+10 1.124868840444142926e+01
8.912509381338316406e+12 1.414378517823638992e+00 -3.466902245955996720e-01 -1.965125903792941386e+00 4.673831234269094637e-01 7.675406455189657064e-17 6.840713203746249041e-04 1.575132424839365431e-03 6.191054326512689804e-04 1.764013472603546143e+10 5.798951527396453857e+10 1.173307360163065027e+01
1.000000000000098242e+13 1.386434030305323750e+00 -3.267350049239332033e-01 -1.954876474227365879e+00 4.632076249722144046e-01 6.102168052041336026e-17 6.102168052041935910e-04 1.405076119157627670e-03 5.446002190513444564e-04 1.693790613341524887e+10 5.869174386658474731e+10 1.224543064090796562e+01
1.122018454302075391e+13 1.358774387692424535e+00 -3.065831079158869987e-01 -1.944539675931036271e+00 4.584803623443153286e-01 4.845108324114170401e-17 5.436300952748700493e-04 1.251754553482848633e-03 4.781794522353328037e-04 1.623551417630970764e+10 5.939413582369029236e+10 1.278801184700978588e+01
1.258925411794294922e+13 1.331400396705661349e+00 -2.862313181457117328e-01 -1.934153359435644148e+00 4.531794916140324814e-01 3.841543972638318082e-17 4.836217327679586124e-04 1.113580192519451634e-03 4.190460835852755409e-04 1.553391264838522720e+10 6.009573735161477661e+10 1.336326983734168472e+01
1.412537544622899805e+13 1.304313430164262710e+00 -2.656767951779071546e-01 -1.923535304477937080e+00 4.472843621401231817e-01 3.041755807331508347e-17 4.296594279430495278e-04 9.893273938460151774e-04 3.664733939261390766e-04 1.483406852584399414e+10 6.079558147415600586e+10 1.397394994475255281e+01
1.584893192461279492e+13 1.277515758490432640e+00 -2.449173784328963765e-01 -1.912691632315659973e+00 4.407760157028820514e-01 2.404980311425299575e-17 3.811636923581365440e-04 8.776618360144136871e-04 3.197986631796285529e-04 1.413695293661556435e+10 6.149269706338443756e+10 1.462315618841569531e+01
1.778279410039111719e+13 1.251008784007802577e+00 -2.239502530490936894e-01 -1.901744803892130076e+00 4.336371961598809999e-01 1.898325294283198625e-17 3.375752784380249756e-04 7.772958038947106775e-04 2.784247221819006416e-04 1.344364058842604828e+10 6.218600941157395172e+10 1.531430885807710851e+01
1.995262314969094922e+13 1.224793318172376466e+00 -2.027721099026091878e-01 -1.890758943243013412e+00 4.258527519907789882e-01 1.495637116274314366e-17 2.984188374971189655e-04 6.871347666894787745e-04 2.418139579172960598e-04 1.275532478121196175e+10 6.287432521878804016e+10 1.605115215138983586e+01
2.238721138568585156e+13 1.198870240028925283e+00 -1.813796466933169649e-01 -1.879588487206797609e+00 4.174102423075626844e-01 1.176200891992267378e-17 2.633185800106314445e-04 6.063134370408399670e-04 2.094777528240382295e-04 1.207322957786643982e+10 6.355642042213356018e+10 1.683787823512491855e+01
2.511886431509859375e+13 1.173241636517506681e+00 -1.597705471926645915e-01 -1.868131355758547052e+00 4.083008708965565337e-01 9.232454487627581686e-18 2.319087715700403243e-04 5.339896803517362248e-04 1.809701748892239494e-04 1.139855754268061447e+10 6.423109245731938171e+10 1.767927011550899863e+01
2.818382931264771875e+13 1.147909121322985282e+00 -1.379421321532098288e-01 -1.856551646916812626e+00 3.985195375712546895e-01 7.231144018261253350e-18 2.038013287458487221e-04 4.692699015025702082e-04 1.558886853428664105e-04 1.073258161438237762e+10 6.489706838561762238e+10 1.858068846835811883e+01
3.162277660168741406e+13 1.122873507631784840e+00 -1.158910315063792079e-01 -1.844912202089518116e+00 3.880652015431854118e-01 5.650157275625928355e-18 1.786736612915175188e-04 4.114113090005155318e-04 1.338716550802893633e-04 1.007668684634631729e+10 6.555296315365368652e+10 1.954806565975350097e+01
3.548133892336166406e+13 1.098135315592571937e+00 -9.361357373873128995e-02 -1.833157189764689221e+00 3.769415890646499179e-01 4.403796599802513816e-18 1.562525997071406714e-04 3.597849068272279292e-04 1.145917496845958567e-04 9.432296392981868744e+09 6.619735360701812744e+10 2.058806590356096322e+01
3.981071705535441406e+13 1.073696210887860936e+00 -7.110709842859164187e-02 -1.821084597575659103e+00 3.651584756086285743e-01 3.423772247856352825e-18 1.363028282213840365e-04 3.138488603954870423e-04 9.775090550402805965e-05 8.800791433031942368e+09 6.682885856696805573e+10 2.170832943637758206e+01
4.466835921510164844e+13 1.049558009339368603e+00 -4.836913206153633377e-02 -1.808835490206554875e+00 3.527319634542473992e-01 2.654345192433643565e-18 1.185652445365040973e-04 2.730065646169480931e-04 8.307951987871724632e-05 8.183558846138422966e+09 6.744609115386157990e+10 2.291757566939612190e+01
5.011872336273329688e+13 1.025721504676398110e+00 -2.539627196539935572e-02 -1.796503951109446939e+00 3.396844555576900015e-01 2.051451162103416707e-18 1.028161132856188816e-04 2.367428497710531027e-04 7.033578451901726454e-05 7.582058728834144592e+09 6.804759127116585541e+10 2.422560070227106976e+01
5.623413251904180469e+13 1.002187009401447559e+00 -2.184621377506556269e-03 -1.784125901967059225e+00 3.260453929253267491e-01 1.580183471522230369e-18 8.886024674198062033e-05 2.046082795078573195e-04 5.930200628704455007e-05 6.997778266331183434e+09 6.863187173366881561e+10 2.564347465661936454e+01
6.309573444802717188e+13 9.789555929489597297e-01 2.126899708310147838e-02 -1.771437529568336444e+00 3.118524883613462695e-01 1.213074011096375666e-18 7.653979566994008430e-05 1.762393925304142509e-04 4.978081448608780147e-05 6.432130190963219643e+09 6.919751980903677368e+10 2.718395654783023829e+01
7.079457843842270312e+13 9.560291085472305550e-01 4.496691812311330583e-02 -1.758488001114895338e+00 2.971523213903026206e-01 9.278352943095853034e-19 6.568570852093695382e-05 1.512469332630614035e-04 4.159365634125094060e-05 5.886444771192138672e+09 6.974320522880786133e+10 2.886185897176449089e+01
7.943282347243828125e+13 9.334083823663823498e-01 6.891246504136953888e-02 -1.745439339545389545e+00 2.819995623727421519e-01 7.067746100836715510e-19 5.614110283757767672e-05 1.292696664980520869e-04 3.458074134722313655e-05 5.362051834198554993e+09 7.026759816580145264e+10 3.069412330896906838e+01
8.912509381338607812e+13 9.110936219170856498e-01 9.310961870710422750e-02 -1.732383791768029146e+00 2.664573287777748378e-01 5.359895143363356401e-19 4.777011574821715488e-05 1.099947564124449320e-04 2.859913077446073378e-05 4.860263144610546112e+09 7.076938685538945007e+10 3.270009809352077923e+01
1.000000000000130938e+14 8.890852406251227302e-01 1.175621643469839522e-01 -1.719075920919473699e+00 2.505977624197267550e-01 4.046144780125032093e-19 4.046144780125562131e-05 9.316592654812791505e-05 2.352011370044643598e-05 4.382266003634204865e+09 7.124738399636579895e+10 3.490225825566167828e+01
1.122018454302112188e+14 8.673848943325452865e-01 1.422724626131376124e-01 -1.705412873928202844e+00 2.345026826575526968e-01 3.039624521210993292e-19 3.410514806947956252e-05 7.853000553913830285e-05 1.922771539826479849e-05 3.929070898685455799e+09 7.170057910131454468e+10 3.732708751110332202e+01
1.258925411794336094e+14 8.459935266522171649e-01 1.672435711165155825e-01 -1.691632599617823418e+00 2.182617900366623231e-01 2.271162806818210794e-19 2.859224571825596368e-05 6.583607876607902479e-05 1.561856329063438054e-05 3.501583828678280830e+09 7.212806617132171631e+10 4.000549416760709676e+01
1.412537544622946250e+14 8.249112494566369636e-01 1.924794748504113917e-01 -1.677836575248353723e+00 2.019718047857834153e-01 1.687006381763306507e-19 2.382959852259181771e-05 5.486967833015285722e-05 1.260091936322859721e-05 3.100613345492693901e+09 7.252903665450730896e+10 4.297335448331911323e+01
1.584893192461331250e+14 8.041379135575269510e-01 2.179844902379613758e-01 -1.663892532823386228e+00 1.857358681204371864e-01 1.245311536378282800e-19 1.973685776499501762e-05 4.544579447222130998e-05 1.009303254316925303e-05 2.726782818023332119e+09 7.290286718197666931e+10 4.627283505939681163e+01
1.778279410039170000e+14 7.836746902847865348e-01 2.437612806026762113e-01 -1.649527906354264495e+00 1.696634639397577859e-01 9.133027892946657837e-20 1.624107545334046746e-05 3.739645823305327388e-05 8.021976225537397580e-06 2.380462613100211620e+09 7.324918738689979553e+10 4.995429986432758795e+01
1.995262314969160312e+14 7.635226622970729959e-01 2.698124726459814049e-01 -1.634989666777530548e+00 1.538676332079263742e-01 6.650036863078496109e-20 1.326856794605625388e-05 3.055200675796775604e-05 6.323264600761879456e-06 2.061811064562501431e+09 7.356783893543750000e+10 5.407786635560803745e+01
2.238721138568658125e+14 7.436817966885281850e-01 2.961420282585674468e-01 -1.620406057063003225e+00 1.384621027090522927e-01 4.804221713038526638e-20 1.075531270334987902e-05 2.476502270122292481e-05 4.940338864282118194e-06 1.770807945689460993e+09 7.385884205431053162e+10 5.871482269383376718e+01
2.511886431509941875e+14 7.241515348149267783e-01 3.227546062665148097e-01 -1.605794897932349752e+00 1.235594039263964300e-01 3.441464645754980637e-20 8.644568348193104194e-06 1.990485421391760564e-05 3.823591941403609930e-06 1.507206163090753078e+09 7.412244383690924072e+10 6.395033455057762239e+01
2.818382931264864375e+14 7.049323027556949617e-01 3.496535052405191357e-01 -1.590754046614665906e+00 1.092693946187052179e-01 2.443577815149985151e-20 6.886938005436208186e-06 1.585776078769156024e-05 2.929526566363384426e-06 1.270476224207668304e+09 7.435917377579232788e+10 6.988771689336559234e+01
3.162277660168845000e+14 6.860251809200007544e-01 3.768409450494653035e-01 -1.575418458191125914e+00 9.569605040828645104e-02 1.718391702385699661e-20 5.434031691873808355e-06 1.251232036856584492e-05 2.220274537456952261e-06 1.059824540431412935e+09 7.456982545956858826e+10 7.665334426777738486e+01
3.548133892336283125e+14 6.674300180779331182e-01 4.043207360348332058e-01 -1.560017085447508389e+00 8.293306811745702889e-02 1.195710138963586854e-20 4.242539669466829763e-06 9.768808599350209084e-06 1.663246313259053367e-06 8.742533602876837254e+08 7.475539663971231079e+10 8.440104234952303841e+01
3.981071705535571875e+14 6.491459693489110006e-01 4.320976733164468286e-01 -1.544685655372674438e+00 7.106138974399191233e-02 8.224913646485255320e-21 3.274397099849585591e-06 7.539577950656592459e-06 1.230536649508885298e-06 7.125617569623358250e+08 7.491708824303765869e+10 9.331865750371581214e+01
4.466835921510310625e+14 6.311725978069404608e-01 4.601759232462273030e-01 -1.528990875427932217e+00 6.014716042214014041e-02 5.589479088728735466e-21 2.496728597606423111e-06 5.748930050100479791e-06 8.983239494899598470e-07 5.733239376896420717e+08 7.505632606231036377e+10 1.036387916019908175e+02
5.011872336273493750e+14 6.135107505316594878e-01 4.885574917057131650e-01 -1.512848654989871644e+00 5.023960818436883080e-02 3.749231456168026854e-21 1.879066941745492092e-06 4.326711528801081311e-06 6.464329100174218994e-07 4.549128049989609718e+08 7.517473719500103760e+10 1.156535178269182609e+02
5.623413251904365000e+14 5.961602761031644659e-01 5.172457284330094218e-01 -1.496621710981826503e+00 4.136759599773659479e-02 2.478959306777741686e-21 1.394021261666560991e-06 3.209852576430175728e-06 4.580188073866412993e-07 3.555746716659850478e+08 7.527407532833401489e+10 1.297295453734105308e+02
6.309573444802923750e+14 5.791201335435888220e-01 5.462453383998387979e-01 -1.480492601231184313e+00 3.353857598723870848e-02 1.613571736936791217e-21 1.018094938266090635e-06 2.344250228104193547e-06 3.191662372732826604e-07 2.734708054105448127e+08 7.535617919458946228e+10 1.463280838019530847e+02
7.079457843842502500e+14 5.623891059957236704e-01 5.755613092356626215e-01 -1.464162693799222037e+00 2.673861738718482511e-02 1.032820857009748178e-21 7.311811717441797211e-07 1.683606866336067508e-06 2.184698099122765257e-07 2.066951983529216647e+08 7.542295480164707947e+10 1.660362271790635589e+02
7.943282347244088750e+14 5.459675297110377912e-01 6.051957743993102712e-01 -1.447249160878446350e+00 2.093350375145803730e-02 6.493585114184170280e-22 5.158038000782610997e-07 1.187682140969885003e-06 1.466875847296280094e-07 1.533124023020890951e+08 7.547633759769790649e+10 1.896133366962027083e+02
8.912509381338898750e+14 5.298553755513760732e-01 6.351511859916446623e-01 -1.430203451445601903e+00 1.606930291669017574e-02 4.002959974490319701e-22 3.567641832576909340e-07 8.214798900833551286e-07 9.645853395329723112e-08 1.114235477734585255e+08 7.551822645222654724e+10 2.180485054939439920e+02
